5 18

0.48867
18	0.000318966 0.00018842 0.000924154 0.000113988 0.000322457 0.000126521 0.000352725 0.000155492 0.000357302 0.000189601 0.000338773 0.000171947 0.000344391 0.000158719 0.000399422 3.16152e-05 0.00131018 0.000436098 
18 18	0.706304 -7.35619e-06 0.10211 7.73066e-06 0.00878015 -5.31981e-05 -0.0142553 -2.10374e-05 -0.0265962 -6.46253e-05 -0.0373066 -5.75849e-05 -0.0510237 -3.59263e-05 0.711589 7.53545e-06 0.10023 -0.000392714 
-7.35619e-06 0.7065 -3.04493e-05 0.102329 1.76717e-05 0.00890504 1.47071e-05 -0.0142253 1.64546e-05 -0.0265192 6.22893e-06 -0.0372387 -1.38983e-05 -0.0509197 -1.65433e-05 0.711764 -0.000355135 0.100083 
0.10211 -3.04493e-05 0.537059 -5.82262e-05 0.114792 2.56659e-05 0.0879132 2.77227e-05 0.0768754 1.85898e-05 0.0751969 2.80502e-06 0.0843189 -6.40647e-06 0.143039 -7.36559e-05 0.53399 -3.59894e-05 
7.73066e-06 0.102329 -5.82262e-05 0.536881 -4.00214e-05 0.114854 -3.11106e-05 0.0879013 -2.66075e-05 0.0769032 -3.63322e-05 0.0752035 -4.07947e-05 0.0843282 -1.79636e-05 0.143224 6.69314e-06 0.533984 
0.00878015 1.76717e-05 0.114792 -4.00214e-05 0.139531 1.50475e-05 0.0895986 -2.84828e-06 0.0725571 7.56179e-06 0.0670994 7.03121e-06 0.0679522 4.39297e-06 0.00127444 6.43172e-06 0.111039 -4.0575e-05 
-5.31981e-05 0.00890504 2.56659e-05 0.114854 1.50475e-05 0.139562 7.07421e-06 0.0895903 6.33917e-06 0.0725587 5.49762e-06 0.0670977 1.18986e-05 0.067963 -4.90365e-05 0.00139356 2.34535e-05 0.111099 
-0.0142553 1.47071e-05 0.0879132 -3.11106e-05 0.0895986 7.07421e-06 0.108441 -1.66732e-05 0.0774926 -5.03801e-06 0.0699651 3.0059e-06 0.0706426 4.09771e-06 -0.0178932 6.02174e-06 0.0844308 -3.23489e-05 
-2.10374e-05 -0.0142253 2.77227e-05 0.0879013 -2.84828e-06 0.0895903 -1.66732e-05 0.10841 -3.72961e-06 0.077483 -2.74675e-06 0.0699395 1.49739e-06 0.070623 -1.44639e-05 -0.017863 2.61763e-05 0.084417 
-0.0265962 1.64546e-05 0.0768754 -2.66075e-05 0.0725571 6.33917e-06 0.0774926 -3.72961e-06 0.105247 4.39154e-07 0.0821751 3.95603e-06 0.0808534 3.46615e-06 -0.0288313 8.73268e-06 0.073231 -2.78328e-05 
-6.46253e-05 -0.0265192 1.85898e-05 0.0769032 7.56179e-06 0.0725587 -5.03801e-06 0.077483 4.39154e-07 0.105244 4.3648e-06 0.0821516 6.65006e-06 0.0808377 -6.00405e-05 -0.0287518 1.64696e-05 0.0732573 
-0.0373066 6.22893e-06 0.0751969 -3.63322e-05 0.0670994 5.49762e-06 0.0699651 -2.74675e-06 0.0821751 4.3648e-06 0.118628 3.52375e-06 0.10308 4.09034e-07 -0.0386836 -1.58568e-06 0.0710198 -3.78827e-05 
-5.75849e-05 -0.0372387 2.80502e-06 0.0752035 7.03121e-06 0.0670977 3.0059e-06 0.0699395 3.95603e-06 0.0821516 3.52375e-06 0.118587 1.69128e-06 0.103041 -5.36508e-05 -0.0386154 -3.8648e-07 0.0710242 
-0.0510237 -1.38983e-05 0.0843189 -4.07947e-05 0.0679522 1.18986e-05 0.0706426 1.49739e-06 0.0808534 6.65006e-06 0.10308 1.69128e-06 0.140207 -2.43029e-06 -0.0514981 -2.36436e-05 0.0792062 -4.27024e-05 
-3.59263e-05 -0.0509197 -6.40647e-06 0.0843282 4.39297e-06 0.067963 4.09771e-06 0.070623 3.46615e-06 0.0808377 4.09034e-07 0.103041 -2.43029e-06 0.140158 -3.28528e-05 -0.0513964 -9.23953e-06 0.0792128 
0.711589 -1.65433e-05 0.143039 -1.79636e-05 0.00127444 -4.90365e-05 -0.0178932 -1.44639e-05 -0.0288313 -6.00405e-05 -0.0386836 -5.36508e-05 -0.0514981 -3.28528e-05 0.726483 -5.55233e-06 0.139801 -1.57749e-05 
7.53545e-06 0.711764 -7.36559e-05 0.143224 6.43172e-06 0.00139356 6.02174e-06 -0.017863 8.73268e-06 -0.0287518 -1.58568e-06 -0.0386154 -2.36436e-05 -0.0513964 -5.55233e-06 0.72664 -7.50876e-05 0.139982 
0.10023 -0.000355135 0.53399 6.69314e-06 0.111039 2.34535e-05 0.0844308 2.61763e-05 0.073231 1.64696e-05 0.0710198 -3.8648e-07 0.0792062 -9.23953e-06 0.139801 -7.50876e-05 0.565731 -0.000162543 
-0.000392714 0.100083 -3.59894e-05 0.533984 -4.0575e-05 0.111099 -3.23489e-05 0.084417 -2.78328e-05 0.0732573 -3.78827e-05 0.0710242 -4.27024e-05 0.0792128 -1.57749e-05 0.139982 -0.000162543 0.565234 


0.127905
18	-0.000593353 0.180217 0.000990357 -1.3258 0.00133973 -1.41138 0.00161926 -1.44569 0.00154266 -1.44775 0.00153433 -1.42475 0.00137033 -1.37448 -0.000676449 0.237535 0.000970153 -1.29438 
18 18	0.530989 -0.00109097 0.0821078 -0.00032914 -0.0173961 -0.000405902 -0.0613978 -0.000304128 -0.0968292 -0.000243137 -0.123622 -0.000195398 -0.140266 -0.000451678 0.537063 -0.00110388 0.0768974 -0.000297811 
-0.00109097 1.98064 0.000553837 0.15882 2.43699e-05 0.307157 0.000102132 0.135095 9.26208e-05 -0.0166532 0.000149927 -0.134095 -0.000113694 -0.21649 -0.00105078 1.92134 0.000587745 0.131842 
0.0821078 0.000553837 0.681363 0.000560424 0.325355 0.000249522 0.306893 -5.79206e-05 0.286933 0.000100377 0.267135 9.30094e-05 0.246377 0.000157543 0.108875 0.00058242 0.694931 0.000515626 
-0.00032914 0.15882 0.000560424 0.428745 0.000443976 0.255796 0.000482437 0.212902 0.00051783 0.177529 0.000506572 0.152043 0.000358528 0.138139 -0.000327925 0.161943 0.000559717 0.430534 
-0.0173961 2.43699e-05 0.325355 0.000443976 0.529666 0.000100561 0.476384 -0.000287262 0.418765 9.22072e-05 0.36932 0.000192642 0.32418 0.000221175 -0.0577137 7.56805e-05 0.317056 0.000407216 
-0.000405902 0.307157 0.000249522 0.255796 0.000100561 1.10412 3.36525e-05 0.85381 0.000288743 0.591436 0.000401343 0.354448 0.000259603 0.16714 -0.000375571 0.17629 0.000237441 0.248176 
-0.0613978 0.000102132 0.306893 0.000482437 0.476384 3.36525e-05 0.53212 -0.000652804 0.478829 -6.92119e-05 0.423768 8.87521e-05 0.377377 0.000107412 -0.0933828 0.000180585 0.295949 0.000435793 
-0.000304128 0.135095 -5.79206e-05 0.212902 -0.000287262 0.85381 -0.000652804 1.06325 -0.000204068 0.821979 -2.77409e-05 0.575072 -0.000154479 0.363546 -0.000237693 0.045924 -7.45464e-05 0.202281 
-0.0968292 9.26208e-05 0.286933 0.00051783 0.418765 0.000288743 0.478829 -0.000204068 0.536819 0.000107727 0.48576 0.000245475 0.433687 0.000300903 -0.121714 0.000125981 0.273746 0.000472277 
-0.000243137 -0.0166532 0.000100377 0.177529 9.22072e-05 0.591436 -6.92119e-05 0.821979 0.000107727 1.05867 0.000261588 0.836465 0.000166169 0.614231 -0.000227924 -0.0650296 8.34829e-05 0.164189 
-0.123622 0.000149927 0.267135 0.000506572 0.36932 0.000401343 0.423768 -2.77409e-05 0.48576 0.000261588 0.54594 0.000325735 0.497465 0.000397936 -0.142015 0.000163509 0.251766 0.000462315 
-0.000195398 -0.134095 9.30094e-05 0.152043 0.000192642 0.354448 8.87521e-05 0.575072 0.000245475 0.836465 0.000325735 1.0901 0.00025229 0.889254 -0.000197134 -0.147144 7.72146e-05 0.136107 
-0.140266 -0.000113694 0.246377 0.000358528 0.32418 0.000259603 0.377377 -0.000154479 0.433687 0.000166169 0.497465 0.00025229 0.561877 0.000250758 -0.155158 -9.73945e-05 0.228529 0.000320923 
-0.000451678 -0.21649 0.000157543 0.138139 0.000221175 0.16714 0.000107412 0.363546 0.000300903 0.614231 0.000397936 0.889254 0.000250758 1.14628 -0.0004521 -0.213988 0.000141894 0.120433 
0.537063 -0.00105078 0.108875 -0.000327925 -0.0577137 -0.000375571 -0.0933828 -0.000237693 -0.121714 -0.000227924 -0.142015 -0.000197134 -0.155158 -0.0004521 0.5554 -0.00107151 0.104095 -0.000296528 
-0.00110388 1.92134 0.00058242 0.161943 7.56805e-05 0.17629 0.000180585 0.045924 0.000125981 -0.0650296 0.000163509 -0.147144 -9.73945e-05 -0.213988 -0.00107151 1.89301 0.00061858 0.13366 
0.0768974 0.000587745 0.694931 0.000559717 0.317056 0.000237441 0.295949 -7.45464e-05 0.273746 8.34829e-05 0.251766 7.72146e-05 0.228529 0.000141894 0.104095 0.00061858 0.720456 0.000514208 
-0.000297811 0.131842 0.000515626 0.430534 0.000407216 0.248176 0.000435793 0.202281 0.000472277 0.164189 0.000462315 0.136107 0.000320923 0.120433 -0.000296528 0.13366 0.000514208 0.445009 


0.12767
18	-0.181258 -0.000302015 1.32624 0.0013895 1.41302 0.00125248 1.44716 0.00158137 1.44926 0.00141319 1.42621 0.00140972 1.37584 0.00125675 -0.238765 -0.00032899 1.2948 0.0013887 
18 18	1.98161 0.00130333 0.158839 -3.61441e-05 0.308281 -0.000153378 0.136034 -0.000202095 -0.0157024 -0.000271364 -0.13326 -0.000369692 -0.215785 -0.0002178 1.92209 0.0013234 0.131827 -3.51205e-05 
0.00130333 0.531211 7.5167e-05 0.0814964 0.000190786 -0.0176173 7.31314e-05 -0.0616928 8.54766e-05 -0.0971641 3.78675e-05 -0.123989 0.0003552 -0.140667 0.00131 0.537231 4.31709e-05 0.0762664 
0.158839 7.5167e-05 0.428649 -0.000814265 0.255925 -0.000501429 0.213161 -0.000540731 0.177787 -0.000562934 0.1523 -0.000582957 0.138376 -0.000483178 0.161923 4.29059e-05 0.430445 -0.000814191 
-3.61441e-05 0.0814964 -0.000814265 0.68127 -0.000477197 0.32571 -0.00020561 0.307239 -0.000396308 0.287254 -0.00034829 0.267504 -0.000306314 0.246724 -6.1225e-05 0.108182 -0.000786 0.694839 
0.308281 0.000190786 0.255925 -0.000477197 1.10443 -9.18011e-05 0.853936 -4.9158e-05 0.591125 -0.000237579 0.353841 -0.000360303 0.166331 -0.000251107 0.177377 0.000136093 0.248328 -0.000475886 
-0.000153378 -0.0176173 -0.000501429 0.32571 -9.18011e-05 0.530363 0.000375603 0.476995 1.25243e-05 0.419269 -6.49073e-05 0.369747 -9.384e-05 0.324501 -0.000219427 -0.0579998 -0.000468359 0.317402 
0.136034 7.31314e-05 0.213161 -0.00020561 0.853936 0.000375603 1.06379 0.000713759 0.82219 0.000314944 0.574907 0.000130227 0.363141 0.000249148 0.0468871 -2.99685e-05 0.202548 -0.000204779 
-0.000202095 -0.0616928 -0.000540731 0.307239 -4.9158e-05 0.476995 0.000713759 0.532801 0.000116871 0.479428 -1.57397e-05 0.424273 -4.28916e-05 0.377788 -0.000293825 -0.0937258 -0.000494681 0.296281 
-0.0157024 8.54766e-05 0.177787 -0.000396308 0.591125 1.25243e-05 0.82219 0.000116871 1.05918 2.24968e-05 0.836652 -0.000131959 0.614121 -2.12349e-05 -0.0639736 2.61283e-05 0.164448 -0.000393857 
-0.000271364 -0.0971641 -0.000562934 0.287254 -0.000237579 0.419269 0.000314944 0.479428 2.24968e-05 0.537497 -9.37026e-05 0.486357 -0.000149544 0.434171 -0.000326961 -0.122082 -0.00052078 0.27405 
-0.13326 3.78675e-05 0.1523 -0.00034829 0.353841 -6.49073e-05 0.574907 -1.57397e-05 0.836652 -9.37026e-05 1.09072 -0.000171793 0.889607 -7.61099e-05 -0.146156 -3.18931e-06 0.136358 -0.000345813 
-0.000369692 -0.123989 -0.000582957 0.267504 -0.000360303 0.369747 0.000130227 0.424273 -0.000131959 0.486357 -0.000171793 0.546629 -0.000240066 0.498048 -0.000410071 -0.142397 -0.000539648 0.252118 
-0.215785 0.0003552 0.138376 -0.000306314 0.166331 -9.384e-05 0.363141 -4.28916e-05 0.614121 -0.000149544 0.889607 -0.000240066 1.14708 -6.43937e-05 -0.213119 0.000327137 0.120656 -0.000305182 
-0.0002178 -0.140667 -0.000483178 0.246724 -0.000251107 0.324501 0.000249148 0.377788 -2.12349e-05 0.434171 -7.61099e-05 0.498048 -6.43937e-05 0.562515 -0.000261942 -0.155562 -0.000445089 0.228857 
1.92209 0.00131 0.161923 -6.1225e-05 0.177377 -0.000219427 0.0468871 -0.000293825 -0.0639736 -0.000326961 -0.146156 -0.000410071 -0.213119 -0.000261942 1.89356 0.0013385 0.133599 -6.03285e-05 
0.0013234 0.537231 4.29059e-05 0.108182 0.000136093 -0.0579998 -2.99685e-05 -0.0937258 2.61283e-05 -0.122082 -3.18931e-06 -0.142397 0.000327137 -0.155562 0.0013385 0.555518 8.85954e-06 0.10338 
0.131827 4.31709e-05 0.430445 -0.000786 0.248328 -0.000468359 0.202548 -0.000494681 0.164448 -0.00052078 0.136358 -0.000539648 0.120656 -0.000445089 0.133599 8.85954e-06 0.444946 -0.000786259 
-3.51205e-05 0.0762664 -0.000814191 0.694839 -0.000475886 0.317402 -0.000204779 0.296281 -0.000393857 0.27405 -0.000345813 0.252118 -0.000305182 0.228857 -6.03285e-05 0.10338 -0.000786259 0.720385 


0.12796
18	0.179406 0.000777087 -1.32566 -0.00111286 -1.41109 -0.00135673 -1.44523 -0.00167654 -1.44734 -0.00162018 -1.42433 -0.00157734 -1.37413 -0.00135276 0.236721 0.000848048 -1.29423 -0.00110763 
18 18	1.9814 0.00119468 0.158788 -0.000333031 0.306671 -0.000155203 0.134242 -0.000301088 -0.0173345 -0.000246296 -0.134781 -0.000320319 -0.217074 -8.20788e-05 1.92209 0.00120339 0.131819 -0.000356686 
0.00119468 0.531399 0.00055014 0.0827216 0.000401102 -0.0171125 0.000301508 -0.0611871 0.000280109 -0.0966848 0.000176604 -0.123478 0.000398819 -0.140179 0.00120677 0.53752 0.00052286 0.0775152 
0.158788 0.00055014 0.428829 -0.000480494 0.255796 -0.000431747 0.212827 -0.000545434 0.177478 -0.000602287 0.152029 -0.000556101 0.138093 -0.000396372 0.161888 0.000559563 0.430631 -0.000490573 
-0.000333031 0.0827216 -0.000480494 0.681694 -0.000312067 0.325216 -1.51524e-05 0.306595 -0.000162832 0.2866 -0.000200752 0.266781 -0.000322775 0.246031 -0.000359793 0.109568 -0.000443382 0.695269 
0.306671 0.000401102 0.255796 -0.000312067 1.10387 -9.722e-05 0.853707 -2.22363e-05 0.591379 -0.000305898 0.354524 -0.000402774 0.167275 -0.000230861 0.175845 0.000363476 0.248185 -0.000309323 
-0.000155203 -0.0171125 -0.000431747 0.325216 -9.722e-05 0.529397 0.000351804 0.476056 -1.29932e-05 0.41846 -0.000173023 0.369026 -0.00027194 0.323933 -0.000213191 -0.0574016 -0.000388499 0.316921 
0.134242 0.000301508 0.212827 -1.51524e-05 0.853707 0.000351804 1.06327 0.000747746 0.822008 0.000257193 0.575209 7.67828e-05 0.363726 0.000226051 0.0451124 0.000219434 0.202214 -7.58918e-06 
-0.000301088 -0.0611871 -0.000545434 0.306595 -2.22363e-05 0.476056 0.000747746 0.531704 0.000170154 0.478448 -5.7301e-05 0.423395 -0.000154897 0.377075 -0.000390285 -0.0931576 -0.000492906 0.295656 
-0.0173345 0.000280109 0.177478 -0.000162832 0.591379 -1.29932e-05 0.822008 0.000170154 1.05856 -3.54932e-05 0.836452 -0.000176394 0.614289 -7.0434e-05 -0.0656806 0.000245192 0.164149 -0.000155588 
-0.000246296 -0.0966848 -0.000602287 0.2866 -0.000305898 0.41846 0.000257193 0.478448 -3.54932e-05 0.536434 -0.000239174 0.485383 -0.000356776 0.433371 -0.000288208 -0.121565 -0.000551618 0.273418 
-0.134781 0.000176604 0.152029 -0.000200752 0.354524 -0.000173023 0.575209 -5.7301e-05 0.836452 -0.000239174 1.09004 -0.000285887 0.889254 -0.000182954 -0.147818 0.000159284 0.136101 -0.000191875 
-0.000320319 -0.123478 -0.000556101 0.266781 -0.000402774 0.369026 7.67828e-05 0.423395 -0.000176394 0.485383 -0.000285887 0.545541 -0.000414576 0.497127 -0.000343404 -0.141873 -0.000505512 0.251416 
-0.217074 0.000398819 0.138093 -0.000322775 0.167275 -0.00027194 0.363726 -0.000154897 0.614289 -0.000356776 0.889254 -0.000414576 1.14617 -0.000226144 -0.214567 0.000381148 0.120395 -0.000313179 
-8.20788e-05 -0.140179 -0.000396372 0.246031 -0.000230861 0.323933 0.000226051 0.377075 -7.0434e-05 0.433371 -0.000182954 0.497127 -0.000226144 0.56155 -0.000109618 -0.155079 -0.000353395 0.22819 
1.92209 0.00120677 0.161888 -0.000359793 0.175845 -0.000213191 0.0451124 -0.000390285 -0.0656806 -0.000288208 -0.147818 -0.000343404 -0.214567 -0.000109618 1.89375 0.00122458 0.133613 -0.00038485 
0.00120339 0.53752 0.000559563 0.109568 0.000363476 -0.0574016 0.000219434 -0.0931576 0.000245192 -0.121565 0.000159284 -0.141873 0.000381148 -0.155079 0.00122458 0.55591 0.000530293 0.104793 
0.131819 0.00052286 0.430631 -0.000443382 0.248185 -0.000388499 0.202214 -0.000492906 0.164149 -0.000551618 0.136101 -0.000505512 0.120395 -0.000353395 0.133613 0.000530293 0.445116 -0.000454005 
-0.000356686 0.0775152 -0.000490573 0.695269 -0.000309323 0.316921 -7.58918e-06 0.295656 -0.000155588 0.273418 -0.000191875 0.251416 -0.000313179 0.22819 -0.00038485 0.104793 -0.000454005 0.720797 


0.127794
18	0.000621172 -0.180979 -0.00135407 1.32598 -0.00130319 1.41222 -0.00161691 1.44644 -0.00154474 1.44848 -0.00148356 1.4255 -0.00128106 1.37516 0.000663031 -0.238383 -0.00135718 1.29455 
18 18	0.53167 -0.00137048 0.0820993 -0.000377259 -0.0174286 -0.000326725 -0.0615799 -0.000281486 -0.0971198 -0.000204621 -0.123921 -8.73431e-05 -0.140549 -0.000310864 0.53775 -0.00137447 0.0768797 -0.000347512 
-0.00137048 1.98071 7.22164e-05 0.158665 0.000362379 0.307842 0.000442799 0.135724 0.000483873 -0.015978 0.000604551 -0.133432 0.000417802 -0.215888 -0.00141722 1.92126 6.44801e-05 0.13167 
0.0820993 7.22164e-05 0.681478 0.000657471 0.325804 0.000435779 0.307306 0.000108697 0.287275 0.000366606 0.267475 0.000415708 0.246688 0.000509577 0.10881 9.8802e-05 0.695041 0.000622131 
-0.000377259 0.158665 0.000657471 0.428681 0.000469636 0.255796 0.000529889 0.21303 0.00061304 0.177671 0.00061695 0.152179 0.000502171 0.138264 -0.000363403 0.16178 0.000656624 0.430476 
-0.0174286 0.000362379 0.325804 0.000469636 0.530151 7.86056e-05 0.476835 -0.000408059 0.419137 -3.29874e-05 0.36962 9.279e-05 0.32437 0.000193374 -0.0577646 0.000433187 0.317505 0.000429516 
-0.000326725 0.307842 0.000435779 0.255796 7.86056e-05 1.10418 8.28548e-06 0.853821 0.000268178 0.591291 0.000358225 0.354137 0.000217151 0.166721 -0.000275665 0.176943 0.000437689 0.248186 
-0.0615799 0.000442799 0.307306 0.000529889 0.476835 8.28548e-06 0.532649 -0.00077553 0.479295 -0.000183222 0.42415 -1.42927e-05 0.377645 7.79092e-05 -0.0935809 0.000538858 0.296361 0.000479457 
-0.000281486 0.135724 0.000108697 0.21303 -0.000408059 0.853821 -0.00077553 1.06351 -0.000321567 0.822083 -0.000167076 0.574968 -0.000297956 0.363293 -0.000185924 0.0465538 0.000110114 0.202411 
-0.0971198 0.000483873 0.287275 0.00061304 0.419137 0.000268178 0.479295 -0.000321567 0.537313 -1.79297e-05 0.486173 0.00012227 0.433976 0.000243556 -0.122018 0.000539199 0.274086 0.000564851 
-0.000204621 -0.015978 0.000366606 0.177671 -3.29874e-05 0.591291 -0.000183222 0.822083 -1.79297e-05 1.05893 0.000102284 0.836546 -1.58056e-05 0.614143 -0.000146796 -0.0643204 0.000369098 0.164327 
-0.123921 0.000604551 0.267475 0.00061695 0.36962 0.000358225 0.42415 -0.000167076 0.486173 0.000102284 0.546361 0.00016274 0.497773 0.000290133 -0.142319 0.000645856 0.252105 0.000569115 
-8.73431e-05 -0.133432 0.000415708 0.152179 9.279e-05 0.354137 -1.42927e-05 0.574968 0.00012227 0.836546 0.00016274 1.09036 6.80262e-05 0.88938 -4.3899e-05 -0.146419 0.000419083 0.136238 
-0.140549 0.000417802 0.246688 0.000502171 0.32437 0.000217151 0.377645 -0.000297956 0.433976 -1.58056e-05 0.497773 6.80262e-05 0.56216 0.000107002 -0.155435 0.000467251 0.228839 0.000460878 
-0.000310864 -0.215888 0.000509577 0.138264 0.000193374 0.166721 7.79092e-05 0.363293 0.000243556 0.614143 0.000290133 0.88938 0.000107002 1.14665 -0.000272609 -0.213311 0.00051328 0.120546 
0.53775 -0.00141722 0.10881 -0.000363403 -0.0577646 -0.000275665 -0.0935809 -0.000185924 -0.122018 -0.000146796 -0.142319 -4.3899e-05 -0.155435 -0.000272609 0.556091 -0.00143009 0.104019 -0.000331835 
-0.00137447 1.92126 9.8802e-05 0.16178 0.000433187 0.176943 0.000538858 0.0465538 0.000539199 -0.0643204 0.000645856 -0.146419 0.000467251 -0.213311 -0.00143009 1.89281 9.05673e-05 0.133477 
0.0768797 6.44801e-05 0.695041 0.000656624 0.317505 0.000437689 0.296361 0.000110114 0.274086 0.000369098 0.252105 0.000419083 0.228839 0.00051328 0.104019 9.05673e-05 0.720571 0.000621756 
-0.000347512 0.13167 0.000622131 0.430476 0.000429516 0.248186 0.000479457 0.202411 0.000564851 0.164327 0.000569115 0.136238 0.000460878 0.120546 -0.000331835 0.133477 0.000621756 0.444964 

