5 18

0.123162
18	1.30616e-07 2.11012e-07 -1.36851e-07 4.74462e-07 6.70676e-08 2.40725e-08 6.70676e-08 2.40725e-08 6.70676e-08 2.40725e-08 6.70677e-08 2.40724e-08 6.74911e-08 2.33692e-08 9.69206e-08 2.68675e-07 -2.44713e-07 4.19584e-07 
18 18	0.825936 -2.28446e-07 0.116616 3.52757e-07 0.00556334 -1.41607e-07 0.00556321 -1.41607e-07 0.00556314 -1.41607e-07 0.0055642 -1.41607e-07 0.00338618 -1.41244e-07 0.843386 -1.37586e-07 0.113123 5.23543e-07 
-2.28446e-07 0.825937 5.97692e-07 0.116619 -1.75286e-07 0.0055635 -1.75286e-07 0.00556337 -1.75286e-07 0.0055633 -1.75286e-07 0.00556437 -1.75338e-07 0.00338634 -1.01746e-07 0.843388 8.17714e-07 0.113125 
0.116616 5.97692e-07 0.658781 3.44358e-06 0.0351144 -7.58288e-08 0.0351145 -7.58288e-08 0.0351146 -7.58288e-08 0.0351148 -7.58288e-08 0.0359909 -7.59734e-08 0.181229 1.04025e-06 0.659381 3.42529e-06 
3.52757e-07 0.116619 3.44358e-06 0.658784 -1.62721e-07 0.035115 -1.62721e-07 0.0351151 -1.62721e-07 0.0351152 -1.62721e-07 0.0351155 -1.63058e-07 0.0359915 8.17771e-07 0.181232 3.59377e-06 0.659383 
0.00556334 -1.75286e-07 0.0351144 -1.62721e-07 0.00538099 -3.88898e-08 0.00538103 -3.88898e-08 0.00538108 -3.88898e-08 0.00538124 -3.88898e-08 0.00533273 -3.89482e-08 0.00849669 -1.83678e-07 0.0348019 -1.15269e-07 
-1.41607e-07 0.0055635 -7.58288e-08 0.035115 -3.88898e-08 0.00538095 -3.88898e-08 0.00538099 -3.88898e-08 0.00538104 -3.88898e-08 0.0053812 -3.89512e-08 0.0053327 -1.3919e-07 0.00849694 -2.92981e-08 0.0348025 
0.00556321 -1.75286e-07 0.0351145 -1.62721e-07 0.00538103 -3.88898e-08 0.00538207 -3.88898e-08 0.00538119 -3.88898e-08 0.00538135 -3.88898e-08 0.00533286 -3.89481e-08 0.00849667 -1.83678e-07 0.0348019 -1.15275e-07 
-1.41607e-07 0.00556337 -7.58288e-08 0.0351151 -3.88898e-08 0.00538099 -3.88898e-08 0.00538204 -3.88898e-08 0.00538116 -3.88898e-08 0.00538132 -3.89512e-08 0.00533282 -1.39191e-07 0.00849691 -2.93031e-08 0.0348025 
0.00556314 -1.75286e-07 0.0351146 -1.62721e-07 0.00538108 -3.88898e-08 0.00538119 -3.88898e-08 0.00538217 -3.88898e-08 0.00538137 -3.88898e-08 0.00533398 -3.89479e-08 0.00849666 -1.83679e-07 0.0348016 -1.15287e-07 
-1.41607e-07 0.0055633 -7.58288e-08 0.0351152 -3.88898e-08 0.00538104 -3.88898e-08 0.00538116 -3.88898e-08 0.00538214 -3.88898e-08 0.00538134 -3.8951e-08 0.00533395 -1.39192e-07 0.0084969 -2.93134e-08 0.0348023 
0.0055642 -1.75286e-07 0.0351148 -1.62721e-07 0.00538124 -3.88898e-08 0.00538135 -3.88898e-08 0.00538137 -3.88898e-08 0.0053825 -3.88898e-08 0.00533392 -3.8948e-08 0.00849807 -1.83678e-07 0.0348017 -1.15278e-07 
-1.41607e-07 0.00556437 -7.58288e-08 0.0351155 -3.88898e-08 0.0053812 -3.88898e-08 0.00538132 -3.88898e-08 0.00538134 -3.88898e-08 0.00538246 -3.89511e-08 0.00533388 -1.39191e-07 0.00849832 -2.93058e-08 0.0348024 
0.00338618 -1.75338e-07 0.0359909 -1.63058e-07 0.00533273 -3.89512e-08 0.00533286 -3.89512e-08 0.00533398 -3.8951e-08 0.00533392 -3.89511e-08 0.00600882 -3.90107e-08 0.00648648 -1.83806e-07 0.0356362 -1.155e-07 
-1.41244e-07 0.00338634 -7.59734e-08 0.0359915 -3.89482e-08 0.0053327 -3.89481e-08 0.00533282 -3.89479e-08 0.00533395 -3.8948e-08 0.00533388 -3.90107e-08 0.00600879 -1.38796e-07 0.00648672 -2.95494e-08 0.0356368 
0.843386 -1.01746e-07 0.181229 8.17771e-07 0.00849669 -1.3919e-07 0.00849667 -1.39191e-07 0.00849666 -1.39192e-07 0.00849807 -1.39191e-07 0.00648648 -1.38796e-07 0.870417 3.84045e-08 0.176956 9.67667e-07 
-1.37586e-07 0.843388 1.04025e-06 0.181232 -1.83678e-07 0.00849694 -1.83678e-07 0.00849691 -1.83679e-07 0.0084969 -1.83678e-07 0.00849832 -1.83806e-07 0.00648672 3.84045e-08 0.870419 1.26132e-06 0.176958 
0.113123 8.17714e-07 0.659381 3.59377e-06 0.0348019 -2.92981e-08 0.0348019 -2.93031e-08 0.0348016 -2.93134e-08 0.0348017 -2.93058e-08 0.0356362 -2.95494e-08 0.176956 1.26132e-06 0.662214 3.48138e-06 
5.23543e-07 0.113125 3.42529e-06 0.659383 -1.15269e-07 0.0348025 -1.15275e-07 0.0348025 -1.15287e-07 0.0348023 -1.15278e-07 0.0348024 -1.155e-07 0.0356368 9.67667e-07 0.176958 3.48138e-06 0.662214 


0.14444
18	-0.000170065 0.000533384 0.000684739 -0.000232871 1.62192e-05 3.44904e-06 1.48893e-05 5.80902e-06 1.49922e-05 5.32833e-06 1.59896e-05 2.97415e-06 1.6934e-05 3.29521e-06 1.31553e-05 3.16633e-06 0.00202074 0.000878116 
18 18	1.45168 7.243e-06 0.266583 9.56688e-05 0.289547 -1.76427e-05 0.144317 -1.91537e-05 0.0190797 -2.25031e-05 -0.0744276 -1.87963e-05 -0.138013 -2.03645e-05 1.41429 2.54282e-05 0.22146 -0.00125794 
7.243e-06 1.45176 0.000108623 0.266523 -1.89893e-05 0.289513 -2.09195e-05 0.144284 -2.42057e-05 0.0190475 -2.00031e-05 -0.0744585 -2.17826e-05 -0.138042 2.59803e-05 1.41435 -0.000993031 0.220164 
0.266583 0.000108623 1.86894 -1.3883e-05 1.31249 5.00973e-05 1.29544 4.35183e-05 1.27384 4.13374e-05 1.23558 3.86525e-05 1.18146 3.41377e-05 0.283951 -5.38087e-06 1.81585 4.29831e-05 
9.56688e-05 0.266523 -1.3883e-05 1.86893 5.08992e-05 1.3126 4.43657e-05 1.29553 4.18887e-05 1.27393 3.87191e-05 1.23567 3.43874e-05 1.18155 -4.61069e-06 0.283943 0.000215532 1.81644 
0.289547 -1.89893e-05 1.31249 5.08992e-05 2.08947 3.85755e-05 1.92598 3.03888e-05 1.73844 2.68567e-05 1.55129 2.3298e-05 1.37717 1.6671e-05 0.151846 -1.84318e-05 1.19805 5.29747e-05 
-1.76427e-05 0.289513 5.00973e-05 1.3126 3.85755e-05 2.08957 3.07175e-05 1.92606 2.71682e-05 1.73852 2.3547e-05 1.55137 1.71588e-05 1.37724 -1.70148e-05 0.151811 5.18288e-05 1.19815 
0.144317 -2.09195e-05 1.29544 4.43657e-05 1.92598 3.07175e-05 2.16889 2.78982e-05 1.99828 2.43003e-05 1.79924 2.13837e-05 1.60774 1.52702e-05 0.038733 -2.02047e-05 1.17152 4.63805e-05 
-1.91537e-05 0.144284 4.35183e-05 1.29553 3.03888e-05 1.92606 2.78982e-05 2.16896 2.43549e-05 1.99835 2.12531e-05 1.79931 1.53297e-05 1.6078 -1.8393e-05 0.0386994 4.52837e-05 1.17161 
0.0190797 -2.42057e-05 1.27384 4.18887e-05 1.73844 2.71682e-05 1.99828 2.43549e-05 2.24592 2.32336e-05 2.06909 1.9378e-05 1.86904 1.31225e-05 -0.0568032 -2.32433e-05 1.14193 4.41464e-05 
-2.25031e-05 0.0190475 4.13374e-05 1.27393 2.68567e-05 1.73852 2.43003e-05 1.99835 2.32336e-05 2.24599 1.91899e-05 2.06916 1.31884e-05 1.8691 -2.15192e-05 -0.0568353 4.33783e-05 1.14202 
-0.0744276 -2.00031e-05 1.23558 3.87191e-05 1.55129 2.3547e-05 1.79924 2.12531e-05 2.06909 1.91899e-05 2.31233 1.83651e-05 2.13264 1.20051e-05 -0.123835 -1.88158e-05 1.09618 4.11903e-05 
-1.87963e-05 -0.0744585 3.86525e-05 1.23567 2.3298e-05 1.55137 2.13837e-05 1.79931 1.9378e-05 2.06916 1.83651e-05 2.3124 1.23742e-05 2.13271 -1.76041e-05 -0.123866 4.0913e-05 1.09626 
-0.138013 -2.17826e-05 1.18146 3.43874e-05 1.37717 1.71588e-05 1.60774 1.53297e-05 1.86904 1.31884e-05 2.13264 1.23742e-05 2.37473 9.33392e-06 -0.173469 -2.03454e-05 1.03592 3.72764e-05 
-2.03645e-05 -0.138042 3.41377e-05 1.18155 1.6671e-05 1.37724 1.52702e-05 1.6078 1.31225e-05 1.8691 1.20051e-05 2.13271 9.33392e-06 2.3748 -1.89447e-05 -0.173498 3.68338e-05 1.03601 
1.41429 2.59803e-05 0.283951 -4.61069e-06 0.151846 -1.70148e-05 0.038733 -1.8393e-05 -0.0568032 -2.15192e-05 -0.123835 -1.76041e-05 -0.173469 -1.89447e-05 1.41303 3.03986e-05 0.237192 1.53218e-06 
2.54282e-05 1.41435 -5.38087e-06 0.283943 -1.84318e-05 0.151811 -2.02047e-05 0.0386994 -2.32433e-05 -0.0568353 -1.88158e-05 -0.123866 -2.03454e-05 -0.173498 3.03986e-05 1.4131 -1.26539e-05 0.23717 
0.22146 -0.000993031 1.81585 0.000215532 1.19805 5.18288e-05 1.17152 4.52837e-05 1.14193 4.33783e-05 1.09618 4.0913e-05 1.03592 3.68338e-05 0.237192 -1.26539e-05 1.92066 -0.000378625 
-0.00125794 0.220164 4.29831e-05 1.81644 5.29747e-05 1.19815 4.63805e-05 1.17161 4.41464e-05 1.14202 4.11903e-05 1.09626 3.72764e-05 1.03601 1.53218e-06 0.23717 -0.000378625 1.91959 


0.155682
18	-1.45056e-07 -5.84178e-07 -6.59608e-09 -4.98602e-07 -1.75722e-08 -9.19567e-07 -3.48339e-08 -7.72278e-07 4.99829e-08 -1.12601e-06 6.59854e-08 -1.16365e-06 1.28327e-07 -1.54086e-06 -2.05197e-07 -3.07571e-07 -7.18975e-09 -4.95942e-07 
18 18	1.91001 3.75815e-06 0.400584 -5.06436e-06 0.246315 2.62849e-07 0.021972 -8.78218e-07 -0.139977 1.1081e-06 -0.25117 2.37398e-07 -0.317307 2.8159e-07 1.87404 3.02495e-06 0.400585 -5.06858e-06 
3.75815e-06 1.90999 -5.83511e-06 0.400574 6.55348e-07 0.246313 -6.02974e-07 0.0219702 1.72188e-06 -0.139979 8.15112e-07 -0.251172 9.45749e-07 -0.317308 2.86311e-06 1.87402 -5.83969e-06 0.400575 
0.400584 -5.83511e-06 1.66454 4.79111e-07 1.62542 8.24486e-07 1.56244 1.01055e-07 1.47326 2.17741e-07 1.36701 -4.20256e-07 1.24802 8.00594e-08 0.328985 -5.88724e-06 1.66454 4.84321e-07 
-5.06436e-06 0.400574 4.79111e-07 1.66452 1.18851e-06 1.62541 3.91925e-07 1.56244 6.50615e-07 1.47325 2.76641e-08 1.367 5.70794e-07 1.24801 -5.17859e-06 0.328977 4.8361e-07 1.66452 
0.246315 6.55348e-07 1.62542 1.18851e-06 2.93219 7.35836e-06 2.61302 6.7111e-06 2.27696 6.84078e-06 1.95254 6.65499e-06 1.66078 8.1458e-06 -0.0143338 -4.81514e-07 1.62542 1.18852e-06 
2.62849e-07 0.246313 8.24486e-07 1.62541 7.35836e-06 2.93218 6.67184e-06 2.61302 6.86012e-06 2.27695 6.72429e-06 1.95254 8.27165e-06 1.66078 -9.2597e-07 -0.0143364 8.24243e-07 1.62541 
0.021972 -6.02974e-07 1.56244 3.91925e-07 2.61302 6.67184e-06 2.86854 6.38588e-06 2.53797 6.39849e-06 2.19481 6.29032e-06 1.86605 7.73094e-06 -0.188575 -1.72972e-06 1.56244 3.92228e-07 
-8.78218e-07 0.0219702 1.01055e-07 1.56244 6.7111e-06 2.61302 6.38588e-06 2.86853 6.4472e-06 2.53797 6.38431e-06 2.19481 7.88172e-06 1.86605 -2.05429e-06 -0.188577 1.0108e-07 1.56243 
-0.139977 1.72188e-06 1.47326 6.50615e-07 2.27696 6.86012e-06 2.53797 6.4472e-06 2.76993 6.9917e-06 2.42656 6.80495e-06 2.07489 8.15113e-06 -0.305081 5.65952e-07 1.47325 6.47845e-07 
1.1081e-06 -0.139979 2.17741e-07 1.47325 6.84078e-06 2.27695 6.39849e-06 2.53797 6.9917e-06 2.76992 6.84383e-06 2.42656 8.24817e-06 2.07489 -1.0102e-07 -0.305084 2.1504e-07 1.47324 
-0.25117 8.15112e-07 1.36701 2.76641e-08 1.95254 6.72429e-06 2.19481 6.38431e-06 2.42656 6.84383e-06 2.63707 6.88654e-06 2.2857 8.07849e-06 -0.378304 -3.79743e-07 1.36701 2.62407e-08 
2.37398e-07 -0.251172 -4.20256e-07 1.367 6.65499e-06 1.95254 6.29032e-06 2.19481 6.80495e-06 2.42656 6.88654e-06 2.63707 8.1214e-06 2.28571 -1.00562e-06 -0.378306 -4.21712e-07 1.367 
-0.317307 9.45749e-07 1.24802 5.70794e-07 1.66078 8.27165e-06 1.86605 7.88172e-06 2.07489 8.24817e-06 2.2857 8.1214e-06 2.42512 9.90378e-06 -0.424997 -4.55838e-07 1.24801 5.70365e-07 
2.8159e-07 -0.317308 8.00594e-08 1.24801 8.1458e-06 1.66078 7.73094e-06 1.86605 8.15113e-06 2.07489 8.07849e-06 2.28571 9.90378e-06 2.42512 -1.16622e-06 -0.424999 7.95097e-08 1.248 
1.87404 2.86311e-06 0.328985 -5.17859e-06 -0.0143338 -9.2597e-07 -0.188575 -2.05429e-06 -0.305081 -1.0102e-07 -0.378304 -1.00562e-06 -0.424997 -1.16622e-06 1.8831 2.31593e-06 0.328986 -5.18218e-06 
3.02495e-06 1.87402 -5.88724e-06 0.328977 -4.81514e-07 -0.0143364 -1.72972e-06 -0.188577 5.65952e-07 -0.305084 -3.79743e-07 -0.378306 -4.55838e-07 -0.424999 2.31593e-06 1.88308 -5.89123e-06 0.328977 
0.400585 -5.83969e-06 1.66454 4.8361e-07 1.62542 8.24243e-07 1.56244 1.0108e-07 1.47325 2.1504e-07 1.36701 -4.21712e-07 1.24801 7.95097e-08 0.328986 -5.89123e-06 1.66453 4.88831e-07 
-5.06858e-06 0.400575 4.84321e-07 1.66452 1.18852e-06 1.62541 3.92228e-07 1.56243 6.47845e-07 1.47324 2.62407e-08 1.367 5.70365e-07 1.248 -5.18218e-06 0.328977 4.88831e-07 1.66452 


0.222597
18	-2.09437e-06 -6.89853e-06 -1.71523e-05 4.22754e-06 -1.05752e-05 -1.60266e-06 -9.69627e-06 -3.24678e-06 -9.82188e-06 -2.69474e-06 -1.04855e-05 -1.13828e-06 -1.11506e-05 -1.08398e-06 -3.47814e-06 -3.06907e-06 -1.79734e-05 2.55804e-06 
18 18	0.763259 -1.50842e-05 -0.205232 5.5418e-06 -0.169341 1.03699e-05 -0.185546 1.18708e-05 -0.199129 1.23532e-05 -0.214827 1.02945e-05 -0.230811 1.10924e-05 0.761578 -1.6928e-05 -0.208618 5.80722e-06 
-1.50842e-05 0.763224 6.41265e-06 -0.205226 1.09975e-05 -0.169317 1.28582e-05 -0.185524 1.30689e-05 -0.199106 1.07185e-05 -0.214805 1.15991e-05 -0.23079 -1.71923e-05 0.76154 6.77816e-06 -0.20861 
-0.205232 6.41265e-06 0.802401 -4.336e-05 0.509051 -3.4208e-05 0.504591 -2.97066e-05 0.503124 -2.86297e-05 0.509028 -2.66766e-05 0.523167 -2.43196e-05 -0.189043 6.83271e-06 0.799566 -4.53378e-05 
5.5418e-06 -0.205226 -4.336e-05 0.802334 -3.49014e-05 0.508986 -3.03702e-05 0.504537 -2.91935e-05 0.50307 -2.69289e-05 0.508975 -2.47131e-05 0.523114 5.9666e-06 -0.189036 -4.49794e-05 0.799499 
-0.169341 1.09975e-05 0.509051 -3.49014e-05 0.484866 -2.94905e-05 0.454211 -2.37233e-05 0.43326 -2.15334e-05 0.417772 -1.91213e-05 0.403082 -1.58577e-05 -0.182499 1.11764e-05 0.506007 -3.62862e-05 
1.03699e-05 -0.169317 -3.4208e-05 0.508986 -2.94905e-05 0.484795 -2.39086e-05 0.454155 -2.17481e-05 0.433207 -1.93297e-05 0.41772 -1.62602e-05 0.403031 1.05235e-05 -0.182474 -3.53602e-05 0.505943 
-0.185546 1.28582e-05 0.504591 -3.03702e-05 0.454211 -2.39086e-05 0.484221 -2.1723e-05 0.455042 -1.94425e-05 0.438754 -1.74992e-05 0.427219 -1.4513e-05 -0.194857 1.2889e-05 0.500564 -3.17148e-05 
1.18708e-05 -0.185524 -2.97066e-05 0.504537 -2.37233e-05 0.454155 -2.1723e-05 0.48417 -1.95117e-05 0.454995 -1.74798e-05 0.438707 -1.46565e-05 0.427173 1.18896e-05 -0.194833 -3.0883e-05 0.50051 
-0.199129 1.30689e-05 0.503124 -2.91935e-05 0.43326 -2.17481e-05 0.455042 -1.95117e-05 0.488407 -1.90323e-05 0.464764 -1.64561e-05 0.452845 -1.32951e-05 -0.204746 1.29303e-05 0.498154 -3.06936e-05 
1.23532e-05 -0.199106 -2.86297e-05 0.50307 -2.15334e-05 0.433207 -1.94425e-05 0.454995 -1.90323e-05 0.488358 -1.63611e-05 0.464716 -1.34061e-05 0.452797 1.22204e-05 -0.204723 -2.99826e-05 0.4981 
-0.214827 1.07185e-05 0.509028 -2.69289e-05 0.417772 -1.93297e-05 0.438754 -1.74798e-05 0.464764 -1.63611e-05 0.506384 -1.57243e-05 0.487723 -1.24423e-05 -0.216161 1.0434e-05 0.503089 -2.85692e-05 
1.02945e-05 -0.214805 -2.66766e-05 0.508975 -1.91213e-05 0.41772 -1.74992e-05 0.438707 -1.64561e-05 0.464716 -1.57243e-05 0.506333 -1.27126e-05 0.487674 1.00218e-05 -0.216139 -2.81707e-05 0.503035 
-0.230811 1.15991e-05 0.523167 -2.47131e-05 0.403082 -1.62602e-05 0.427219 -1.46565e-05 0.452845 -1.34061e-05 0.487723 -1.27126e-05 0.540272 -1.1857e-05 -0.229188 1.12616e-05 0.516111 -2.66261e-05 
1.10924e-05 -0.23079 -2.43196e-05 0.523114 -1.58577e-05 0.403031 -1.4513e-05 0.427173 -1.32951e-05 0.452797 -1.24423e-05 0.487674 -1.1857e-05 0.540219 1.07787e-05 -0.229166 -2.60973e-05 0.516058 
0.761578 -1.71923e-05 -0.189043 5.9666e-06 -0.182499 1.05235e-05 -0.194857 1.18896e-05 -0.204746 1.22204e-05 -0.216161 1.00218e-05 -0.229188 1.07787e-05 0.765636 -1.91163e-05 -0.192853 5.90088e-06 
-1.6928e-05 0.76154 6.83271e-06 -0.189036 1.11764e-05 -0.182474 1.2889e-05 -0.194833 1.29303e-05 -0.204723 1.0434e-05 -0.216139 1.12616e-05 -0.229166 -1.91163e-05 0.765594 6.93102e-06 -0.192844 
-0.208618 6.77816e-06 0.799566 -4.49794e-05 0.506007 -3.53602e-05 0.500564 -3.0883e-05 0.498154 -2.99826e-05 0.503089 -2.81707e-05 0.516111 -2.60973e-05 -0.192853 6.93102e-06 0.798907 -4.6341e-05 
5.80722e-06 -0.20861 -4.53378e-05 0.799499 -3.62862e-05 0.505943 -3.17148e-05 0.50051 -3.06936e-05 0.4981 -2.85692e-05 0.503035 -2.66261e-05 0.516058 5.90088e-06 -0.192844 -4.6341e-05 0.798841 


0.354119
18	-1.55208e-10 6.2499e-08 2.23619e-08 -1.58246e-08 1.6331e-08 -3.4922e-09 1.38631e-08 2.63072e-09 1.35794e-08 7.2027e-09 1.68544e-08 5.6065e-09 2.22006e-08 6.59954e-09 2.72406e-09 5.43227e-08 2.23776e-08 -1.58256e-08 
18 18	0.61335 -1.19959e-06 -0.0541692 3.34086e-07 -0.0841945 6.11705e-07 -0.108607 7.86373e-07 -0.130193 9.75997e-07 -0.149255 1.14081e-06 -0.167322 1.2593e-06 0.61567 -1.23021e-06 -0.0541729 3.33908e-07 
-1.19959e-06 0.613355 3.38285e-07 -0.054168 6.01834e-07 -0.0841946 7.72956e-07 -0.108608 9.58816e-07 -0.130193 1.12046e-06 -0.149255 1.23515e-06 -0.167323 -1.22796e-06 0.615675 3.38109e-07 -0.0541716 
-0.0541692 3.38285e-07 0.584209 -8.58368e-07 0.347647 7.31892e-07 0.336391 9.03191e-07 0.332147 1.06466e-06 0.33371 1.21321e-06 0.338303 1.35317e-06 -0.0393561 1.25289e-07 0.58421 -8.58287e-07 
3.34086e-07 -0.054168 -8.58368e-07 0.584213 7.1337e-07 0.347649 8.80096e-07 0.336393 1.03704e-06 0.332149 1.18031e-06 0.333712 1.31578e-06 0.338305 1.23586e-07 -0.0393548 -8.58295e-07 0.584214 
-0.0841945 6.01834e-07 0.347647 7.1337e-07 0.363591 -4.18298e-07 0.336562 -4.1983e-07 0.321418 -4.12643e-07 0.312247 -3.95669e-07 0.302804 -3.99464e-07 -0.0986529 7.6819e-07 0.347647 7.13404e-07 
6.11705e-07 -0.0841946 7.31892e-07 0.347649 -4.18298e-07 0.363594 -4.20126e-07 0.336564 -4.1327e-07 0.32142 -3.96692e-07 0.312249 -4.00749e-07 0.302806 7.8056e-07 -0.0986532 7.31923e-07 0.347649 
-0.108607 7.72956e-07 0.336391 8.80096e-07 0.336562 -4.20126e-07 0.359585 -5.18339e-07 0.339543 -4.89839e-07 0.329279 -4.7414e-07 0.321323 -4.90947e-07 -0.120549 9.63581e-07 0.336391 8.80133e-07 
7.86373e-07 -0.108608 9.03191e-07 0.336393 -4.1983e-07 0.336564 -5.18339e-07 0.359587 -4.90038e-07 0.339545 -4.7445e-07 0.329281 -4.91323e-07 0.321325 9.80057e-07 -0.12055 9.03224e-07 0.336393 
-0.130193 9.58816e-07 0.332147 1.03704e-06 0.321418 -4.1327e-07 0.339543 -4.90038e-07 0.368887 -5.73393e-07 0.353528 -5.38001e-07 0.34469 -5.65264e-07 -0.140099 1.16771e-06 0.332147 1.03708e-06 
9.75997e-07 -0.130193 1.06466e-06 0.332149 -4.12643e-07 0.32142 -4.89839e-07 0.339545 -5.73393e-07 0.368889 -5.38122e-07 0.35353 -5.65032e-07 0.344692 1.18846e-06 -0.140099 1.0647e-06 0.332149 
-0.149255 1.12046e-06 0.33371 1.18031e-06 0.312247 -3.96692e-07 0.329279 -4.7445e-07 0.353528 -5.38122e-07 0.388907 -6.20692e-07 0.375116 -6.13635e-07 -0.157002 1.34677e-06 0.333709 1.18034e-06 
1.14081e-06 -0.149255 1.21321e-06 0.333712 -3.95669e-07 0.312249 -4.7414e-07 0.329281 -5.38001e-07 0.35353 -6.20692e-07 0.38891 -6.13103e-07 0.375118 1.3713e-06 -0.157003 1.21323e-06 0.333711 
-0.167322 1.23515e-06 0.338303 1.31578e-06 0.302804 -4.00749e-07 0.321323 -4.91323e-07 0.34469 -5.65032e-07 0.375116 -6.13103e-07 0.415296 -6.94444e-07 -0.174137 1.48392e-06 0.338302 1.31583e-06 
1.2593e-06 -0.167323 1.35317e-06 0.338305 -3.99464e-07 0.302806 -4.90947e-07 0.321325 -5.65264e-07 0.344692 -6.13635e-07 0.375118 -6.94444e-07 0.415298 1.5128e-06 -0.174138 1.35321e-06 0.338304 
0.61567 -1.22796e-06 -0.0393561 1.23586e-07 -0.0986529 7.8056e-07 -0.120549 9.80057e-07 -0.140099 1.18846e-06 -0.157002 1.3713e-06 -0.174137 1.5128e-06 0.623364 -1.31406e-06 -0.0393595 1.23419e-07 
-1.23021e-06 0.615675 1.25289e-07 -0.0393548 7.6819e-07 -0.0986532 9.63581e-07 -0.12055 1.16771e-06 -0.140099 1.34677e-06 -0.157003 1.48392e-06 -0.174138 -1.31406e-06 0.623369 1.25123e-07 -0.0393582 
-0.0541729 3.38109e-07 0.58421 -8.58295e-07 0.347647 7.31923e-07 0.336391 9.03224e-07 0.332147 1.0647e-06 0.333709 1.21323e-06 0.338302 1.35321e-06 -0.0393595 1.25123e-07 0.584212 -8.5822e-07 
3.33908e-07 -0.0541716 -8.58287e-07 0.584214 7.13404e-07 0.347649 8.80133e-07 0.336393 1.03708e-06 0.332149 1.18034e-06 0.333711 1.31583e-06 0.338304 1.23419e-07 -0.0393582 -8.5822e-07 0.584216 


