100	0 0 0 0 0 0 0 0 0 0 0 0 0 0 0 0 0 0 0 0 0 0 0 0 0 0 0 0 0 0 0 0 0 0 0 0 0 0 0 0 0 0 0 0 0 0 0 0 0 0 0 0 0 0 0 0 0 0 0 0 0 0 0 0 0 0 0 0 0 0 0 0 0 0 0 0 0 0 0 0 0 0 0 0 0 0 0 0 0 0 0 0 0 0 0 1 0 0 0 0 

100 100	0.810058 0 0 0.0622957 0 0 0 0 0 0 0 0 0 0 0 0 0 0 0 0 0 0 0 0 0 0 0 0 0 0 0 0.0550846 0 0 0 0 0 0 0 0 0 0 0 0 0 1.12369e-21 0 0 0.0628571 0 0 0 0 0 0 0 0 0 0 0 0.0121457 0 0 0 0 0 0 0 0 0 0 0 0 0 0 0 0 2.14471e-284 0 0 0 0 2.61204e-305 0 0 0 0 0 0 0 0 0 0 0 0 0 0.0127036 0 0 0 
0 0.719125 0 0 0 0 0 0 0 0 0 0 0 0 0 0 0 0 0 0 0 0 0 0 0 0 0 0 0 0.1 0 0 0 0 0 0 0 0 0 0 0 0 0 0 0 0 0 0 0 0 0 0 0 0 0.00668333 0 0 0 0 0 0.00616885 0 0 0 0.00728274 0 0 0 0 0.0385581 0.0571407 0 0 0 0 0 0 0 0 0 0.0330455 0 0 0 0 0 0 0 0 0 0 0 0 0 0 0 0 0 0 0 
0 0 0.755567 0 0 0 0 0 0 0 0 0 0 0 0 0 0 0 0 0 0 0 0 0 0 0 0 0 0 0 0 0 0 0 0 0 0 0 0 0 0 0 0 0 0 0.0391491 0 0 0 0 0 0 0.00283028 0 0 0 0 0 0 0 0 0 0 0 0 0 0 0 0 0 0 0 0 0 0 0 0 0 0 0 0 0 0 0 0 0.358376 0 0 0 0 0 0.0335853 0 0 0 0 0 0 0 0 
0 0 0 0.609855 0 0 0 0 0 3.19728e-212 0 0 0 0 0 0 0 0 0 0 0 0 0 0 0 0 3.14797e-160 0 0 0 0 0 0 0 0 0 0 0 0 0.0312435 0 0 0 0 0 0.00314104 0.00666028 0 0.0314476 0 0 0 0 0 0 2.10646e-303 0 0 0 0 7.24653e-281 0 0 0 0 0 0 0 0 0 0 0 0 0 0 0 0 0.0169913 0 0 0 0 0.0521767 0 0 0.0126167 0 0 0 0 0 0 0 0 0 0 0 0 0 0 
0 0.0147159 0 0 0.867423 0 0 0 0 0 0 0 0 0.00533157 0.0179487 0.025716 0 0 0 0 0 0 0 0 0 0 0 0 0 0 0 0 0 0 0 0 0 0 0 0 0 0 0.0068732 0 0 4.94041e-136 0 0 0 0 0 0 0 0 4.44514e-85 0 0 0 0 0 0.00406505 0 0 0 0 0 0 0 0 2.70373e-244 0.0811298 0 0 0 0 0 0 0 0 0 0.0212653 0 0 0 0 0 0 0 0.0180005 0 0 0 0 0 0.00840958 0 0 0 0 0 
0 0 0 0 0 0.841583 0 0 0 3.41063e-163 0.0164562 0 0 0 7.5683e-95 0 0 0.027351 0 0 1.58613e-125 0.0122585 0 0 3.40763e-58 0 0 0 0 0 0 0 0 0 0 0 0 0 0 0 0 0 0 1.27898e-103 0 0 0 8.46389e-293 0 0 0 0 0 0 0 0 0 0.00491589 0 0 0 0 0 0 0 0 0 0 0 0 0 0 0 0 0 0 0 0.0222413 0.00860579 0 0 0 8.22298e-70 0 0 0 0 0.0213966 0 0 0 0 0.00993976 0 0 0 0 0 0 0 
0 0 0 0 0 0 0.794167 0 0 0 0 0 0 0 0 0 0 0 0 0 0 0 0 0 0 0 0 0 0 0 0 0 0.060622 0 0 0 0 0 0 0 0 0 0 0 0 0 0 0 0 0 0 0 0 0.0555446 1.7912e-279 0 0 0 0 8.1932e-289 0.00809517 0 0 0 0 0 0 0 0 0 0 0 0 0 0 0 0 0 0 0.0106358 0 0 0 0 0 0 0.0978033 0 0 0 8.0765e-15 0 0 0 0 0 0.025388 0 0 0 
0 0 0 0 0 0 0 0.899764 0 0 0 0 0 0 0 0 0 0 0 0 0.0111655 5.90833e-202 0 0 0 0 0 0 0 0 0.00962952 0 0 0 0 0 0.00943075 0 0 0 0 0 0 0 0 0 0 0 0 0 0 0 0 0 0 0 0 0 0 0 0 0 0 0 0 0 0 0 5.13995e-251 0 0 0 0 0 0 0 0 0.0128211 0 0 0 0 0 0 0 0 0 0 0 0 0 0 0 0 0 0 0 0 0 0 
0 0 0 0 0 0 0 0 0 0 0 0.0292845 0 0 0 0.189153 0 0 0 0 0 0 0 0 0 0 0 0 0 0 0 0 0 0 0 0 0 0 0 0 0 0 0 0 0 0 0 0 0 0 0 0 0 0 0 0 0 0 0 0 0.0343638 0 0 0 0 0 0 0 0 0 0 0 0 0 0 0 0 0.00687652 0 0 0.0103583 0 3.68665e-242 0 0 0 0 0 0 0 0 0 0 0 0 0 0 0 0 0 
0 0 0 0 0 0.0150606 0 0 0 0.840031 0.0164455 6.24712e-69 0 0 0.0109324 0 0 1.24693e-300 0 0 0 0.00582998 0 0 0 0 0 0 0 0 0 0 0 0 0 0 0.0291915 0 0 0 0 0 0 0 0 0 0 0 0 0 0 0 0 0 0 0 0 0 0 0 0 0 0 0 2.0986e-154 0 0 0 0.0274112 0 0 0 0.0256381 0 0 0 0 0.00910644 0 0 0 0 0 0 0 0 0 0.00860353 0 0 0 0 0 0 0 0 0 0 0 0 
0 0 0 0 0 0.00745312 0 0 0 0 0.739045 0 0 0 0 0 0 0.0181981 0 0 0.0209431 0 0 0 0 0 0 0 0 0 0 0 0 0 0 0 0 0 5.98689e-270 0 0 0 0 0 0 0 0 0.0148033 0 0 0 0 0.00567105 0 0 0 0 0 0 0 0.0161276 0 0 0 0 0 0 0 0 0 0 0 0 0 0 0 0 5.22196e-266 0 0 0 0 4.69131e-310 0 0 0 0 0 0 0 0 0 0 0 0 0 0 0 0 0 
0 0 0 0 0 0 0 0 0 0.00860615 0 0.762934 0 0 0 0.00734287 0 0 0 0 0 4.97638e-178 0 0 0 0 0 0 0 0 0 0.00790311 0 0 0 0 0 0 0.0129935 0 0 0 0 0.00480943 0 0.00173445 0.00664806 0 0.0629624 0 0 0 0 0 0 0.0250978 0 0.00506706 0 0 0.0181732 0 0 0 0 0 0 0 0 0 0 0 0.0380916 3.02027e-110 0 0 1.4786e-108 0.00223872 0 0 0 0 2.57435e-133 0 0.00995644 0.00713357 0 0 0 0 0 0 0 0 0 0 0 0 0 0 
0 0 0 0 0 0 0 0 0 0 0 0 0.898328 0 0 0 0 0 0 0 0 0 0 0.0102121 0.00916721 0 0.0154254 0 0 0 0 0 0 0 0 0 0 0 0.0129816 0 0 0 0 0 0 0 0 0 0 0 0 0 0 0 0 0 0 0 0 0 0 0 0 0 0 0 0 0 0 0 0 0 0 0.00496014 0 0 0 0 0 0 0 0 0 0.00468773 0.00327871 0 0 0 0 0 0 0 0 0 0 0 0 0 0.0305067 0 
0 0 0 0 0.0306342 0 0 0 0 0 0 0 0 0.882972 0 0 0 0 0 0 0 0 0 0 0 0 0 0 0 0 0 0 0 0 0 0 0 0 0 0 0 0 0.0206705 0 0 0 0 0 0 0 0 0 0 0 0 0.0340904 0 0 0 0 0.0101202 0 0 0 0 0 0 0 0 0 0 0 0 0 0.00716943 0 2.44217e-123 2.12496e-119 0 0 0 0 0 0 0 0 0 0 0.0268269 0 0 0 0 0 0 0 0 0 0 0 
0 0 0 0 0 0 0 8.35941e-266 0 0.0104808 0 0 0 0 0.731132 7.54593e-29 0 0 0 0 0 0 0.0200953 0 0 0 0 0 0 0 0 0 0 0 0 0 0 0 0 0 0 0 0 0 0 0 0 0 0 0 0 0 0 0 0 0 0 6.92713e-252 0 0 0 0 0 0 0 0 0 1.11734e-296 1.87873e-224 0 0 0 0 3.11967e-286 0 0 0 0.0603187 0 0 0 0 0 0 0 0 0 0 0 0 0 0 0 0 1.01936e-27 0 0 0 0 0 
0 0 0 0 0.0102623 0 0 0 0 3.99641e-246 0 0 0 0 0 0.65229 0 0 0 0 0 0 0.0634329 0 0.00471912 0 0 0 0 0 0 0 0 0 0 0 0 0 0 0 0 0 0 0.0185467 0 0.00859436 0 0 0 0 0 0 0.00283658 0 0 0 0 0.00669889 0 0 0.0185472 0 0 0 0 0 0 0.0852602 0 0 0.0112474 0 0 2.90876e-240 0 0 0 0 0.0346274 0 0 0 0 0 1.35782e-253 0.00354504 0 0 1.84948e-127 0 0 0.00141678 0 0 0.0410218 0 0 0 0 0 
0 0 0 0 0 0 0 0 0 0 0 0 0 0 0 0 0.848364 0 0 0 0 0 0 0 0 0 0 0 0 0 0.0196271 2.77538e-161 0 0 0 0 0 0.0333621 0.0648728 0 0 0 0 0 0 0 0 0 0 0 0 0 0 0 0 0 0 0 0 0 0.00400978 0 0 0 0 0 0 0 0 0 0 0 0 0 0 0 0 0 0.00878154 0 0 0 0 0 0 0 0 0 0 0 0 0 0 0 0 0 0 0 0 0 
0 0 0 0 0 0 0 0 0 0.0280173 0 0 0 0 0 0 0 0.829577 0 0 0 0 0 0 0 0.0628084 0 0 0 0 0 0 0 0 0.026361 0 0 0 0 0 0 0 0 0 0 0 0 1.67255e-238 0 0 0 0 0 0 0 0 0 0 0 0 3.70549e-287 0 0 0 0.0398336 0 0 0 0 0 0 0 0 0 0 0 0 0 0 0.0107565 0 0.0453349 1.93167e-304 0 0 0 0 0 0 0 0 0 0.0241531 0 0 0 0 0 0 0 
0 0 0 0 0 0 0 0 0 0 0 0 0 0 0 0 0 0 0.801751 0 0 0 0 0 0 0.286699 0.0150091 0 0 0 0 0 0 0 0 0.0432453 0 0 0 0 0 0 0 0 0 0.00157828 0 0 0 0 0 0 0 0 0 0 0 0 0 0 0 0 0 0 0 0 0 0 0 0 0 0 0 0 0 0 0 1.42641e-263 0 0 1.81461e-109 0 0 0 0 0 0 0 0 0 0 0 8.65783e-303 0 0 0 0 0 0 0 
0 0 0 0 0 0 0 0 0 0 0 0 0 0 0 0 0 0 0 0.731864 0 0 0 0 0 0 0 0 0 0 0 0 0.100688 0 0 0 0 0 0 0 0 0 0 0 0 0 0 0 0 0.0332875 0 0 0 0 0 0 0 0 0 0 0.00404288 0 0 0 0 0 0 0 0 0 0 0 0 0 0 0 0 0.00225107 0 0 0 0 0 0 0 0 0 0 0 0 0 0 0 0 0 0 0 0 0 0 
0 0 0 0 0 0 0 0 0 3.10441e-268 0.0635436 0 0 0 0 0.0065389 0 0 0 0 0.646891 0 0 0 0 0 0 0 0 0 1.11972e-231 0 0 0 0 0 0 0 0.0129816 0 0 0 0 0 0 0 0 0 0 0 0 0 2.26316e-145 0 0 0 0 0 0 0 0.0220008 0 0 0 0 0 0 0 0 9.52765e-238 0 0 0 0 0 0 0 0.0313015 0 0 0 0 5.84217e-311 0 0 0 0 0 0 0 0 0 0 0.0454559 0 0 0 7.55307e-103 0 0 
0 0 0 0 0 0.00748067 0 0 0 0.00912375 0 0 0 0 3.28924e-250 0 0 0 0 0 0 0.891918 0 0 0 0 0 0 0 0 0 0 0 0 0 0 0.00942436 0 0 0 0 0 6.68709e-266 7.38483e-299 0 0 0 0 0 0 0 0 0 0 0 0 0 0.0107551 0 0 0.0140471 0 0 0 1.62709e-252 0 0.0610186 0 0 0 0 0 0 0 0 0 0 0 0 0 0 0 0 0 0 0 0 0.0104069 0 0 0 0 0 0 0 0 0 0 0 0 
0 0 0 0 0 0 0 0 0 0 0 0 9.45352e-212 0 0.0251846 0.0354793 0 0 0 0 0 0 0.304717 0 3.50355e-236 0 0 0 0.00795802 0 0 0 0 0 0 0 0 0 0 0 0 0 0.0137493 0.113344 0 0 0 0 0 0 0 0 0 0 0 3.25691e-69 0 0.00568145 0 0 0.0110796 0 0 0 0 0 0 0 0 0 0 0 0 3.31531e-229 0.0143369 0 0 0.01791 2.58675e-128 0 4.1992e-201 0 0 0 1.81379e-148 0.00364823 0 0.010457 0.0787032 0 0 0 0.00806383 0 0.00514408 0 0 0 0 0 
0 0 0 0 0 0 0 0 0 0 0 0 0 0 0 0 0 0 0 0 0 0 0 0.877479 0 0 0.0450397 0 0 0 0 0 0 0 0 0 0 0 0 0 0 0 0 0 0 0 0 0 0 0 0 0.00630749 0 0 5.65766e-37 0.00792259 0 0 0 0 0.00199034 0 0.0161744 0.039995 0 0 0 0 0 0 0 0 0 0 0 0 0 0.00224225 0 0 0 0 0 0 0 0 0 0 0 0 0 0 0.00821888 0 0 0 0 0 0.0304698 0 
0 0 0 0 0 0 0 0 0 0 0 0 0.0105116 0 0 0 0 0 0 0 0 0 0 0 0.926479 0 0 0 0 0 0 0 0 0 0 0 0 0 0 0 0 0 0 0.00546598 0 0 0 0 0 0 0 6.54518e-178 0 0 0 0 0 0 0 0 0.0119583 0 0 0 0 0 0 0 0 0 0 0 0 0 0 0 0 0 0 0 0 0 0 0.0189749 0.013437 0 0 0 0 0 0 0 0 0 0 0 0 0 0 0 
0 0 0 0 0 0 0 0 0 0 0 0 0 0 0 0 0 0 2.13979e-104 0 0 0 0 0 0 0.544843 0 0 0 0 0 0 0 0 0 0.126483 0 0 0 0 0 0 0 0 0 4.32396e-115 0 0 0 0 0 0 0 0 0 0 0 0 0 0 0.0101095 0 0 0 1.54175e-119 0 0 0 0 0 0 0 0 0 0 0 0 3.60728e-185 0 0 0.0109608 0.045306 0 0 0 0.00177175 0 0 0 0 0 0 0.0159514 0 0 0 0 0 0 0 
0 0 0 0 0 0 0 0 0 0 0 0 0 0 0 0 0 0 0 0 0 0 0 0 0 0 0.775117 0 0 0 0 0 0 0 0 0 0 0 0 0 0 0 0 0 0 0 0.0199227 0 0 0 0 0 0 0 0 0 0.0539979 0 0 0 0 0 0 0 0 0 0 0 0 0.0128827 0 0 0 0 0.0144022 0 0 0.011119 0 0 0 0 0 0 0 0 0 0 0 0 0 0 0 0 0 0 0 0 0.0152622 0 
0 0 0 0 0 0 0 0 0 0 0 0 0 0 0 0 0 0 0 0 0 0 0 0.020436 0 0 0 0.708324 0 0 0 0 0 0 0 0 0 0 0 0 0 0 0 0 0 0 0 0 0 0 0 0 0 0 0 0 0 0 0 0 0.0101035 0 0 0 0 0 0 0 0 0 0 0 0 0 0 0 0 0 0 0 0 0 0 0 0 0 0 0 0 0 0 0 0 0 0 0 0 0 0 0 
0 0 0 0 0 0 0 0 0 0 0 0 0 0 0 0 0 0 0 0 0 0 0 0 0 0 0 0 0.880629 0 0 0 0 0 0 0 0 0 0 0 0 0 0 0 0 1.77904e-187 0 0 0 0 0 0 0 0 0 0 0 0.0106843 0 0 0.0100123 0 0 0 0 0 0 0 0 0 0 0 0 0.00495345 0 0 0 0.00667499 0 0 0 0 0 0.00466406 1.11486e-127 0 0 0 0 0 0 0 0 0 0 0 0.0382093 0 0 0 
0 0.0139567 0 0 0 0 0 0 0 0 0 0 0 0 0 0 0 0 0 0 0 0 0 0 0 0 0 0 0 0.7 0 0 0 0 0 0 0 0 0 0 0 0 0 0 0 0 0 0 0 0 0 0 0 0 0 0 0 0 0 0 0 0 0 0 0 0 0 0 0 0 0.0227195 0 0 0 0 0 0 0 0 0 0 0 0 0 0 0 0 0 0 0 0 0 0 0 0 0 0 0 0 0 
0 0 0 0 0 0 0 0 0 0.0082569 0 0 0 0 0 2.6852e-49 9.13937e-44 0 0 0 0 0 0 0 0 0 0 0 0 0 0.874296 0 0 0 0 0 0 0 0.0389935 0 0 0 0 0 0 0 0 0 0 0 0 0 0 0 0 0 0 0 0 0 0.00217781 0 0 0 0 0 0 0 0.00921888 0 0 0 0 0 0 0 0 0.00447642 0.0255859 0 0 0 0 0 0 0 0 0.020914 0 0 0 0 0 0 0 0 0 0 0 0 
0.0687401 0 0 0.015933 0 0 0 0 0 0.00872235 0 0 0 0 0 0 0.0137622 0 0 0 0 0 0 0 0 0 0 0 0 0 0 0.75022 0 0 0 0 0 0 0 0 0.0493651 0 0 0 0 0.0219483 0 0 0 0 0 0 0 0 0 0 0 0 0 0 0.0101082 0 0 0 0 0 0 0 0 0 0 0 0 3.08531e-290 0 0 0 0 0 0 0 0 0 0 0 0.00174807 0 0 0 0 0 0 0 0 0 0 0 0 0 0 
0 0 0 0 0 0 0 0 0 0 0.0164574 0 0 0 0 0 0 0 0 0 0 0 0 0 0 0 0 0 0 0 0 0 0.658852 0 0.0263611 0 0 0 0 0 0 0 0 0 0 0 0 0 0 0 0 0 0 0.0555435 6.44749e-175 0 0 0 0 0 0.00202105 0 0 0 0 0 0 0 0 0 0 0 0 0 0 0 0 0.0110027 0 0 0 0 0 0 0 0 0.024594 0 0 0 0.113435 0 0 0 0 0 0 0.0221942 0 0 
0 0 0 0 0 0 0 0 0 0 0 0 0 0 0 0 0 0 0 9.94841e-40 0 0 0 0 0 0 0 0 0 0 0 0 0 0.767506 0 0 0 0 0 0 0 0 0 0 0 0 0 0 0 0 0 0 0 0.111083 4.35813e-261 0 0 0 0 0 0.00604604 0 0 0 0 0 0 0 0 0.0127674 0 0 0 0 0 0 0 0.00224889 0 0 0 0 0 0 0 0 0 0 0 0.0128423 0 0 0 0 0 0 0 0 0 0 
0 0 0 0 0 0 0 0 0 0 0 0 0 0 0 0 0 0 0 0 0 0 0 0 0 0.0209286 0 0 0 0 0 0 0 0 0.841833 0.0388087 0 0 0 0 0 0 0 0 0 0 0 0 0 0 0 0 0 0.0277692 0 0 0 0 0 0 0 0 0 0 0 0 0 0 0 0 0 0 0 0 0 0 0 0 0 0 0.00548756 0 0 0 0 0 0 0 0 0 0 0 0 0 0 0 0 0 0 0 
0 0 0 0 0 0 0 0 0 0 0 0 0 0 0 0 0 0 0 0.208561 0 0 0 0 0 3.66944e-119 0 0 0 0 0 0 0 0.0697814 0 0.740905 0 0 0 0 0 0 0 0 0 0.00313406 0 0 0 0 0 0 0 0 0 0 0 0 0 0 1.64589e-244 0 0.048542 0 0 0 0 0 0 0 0.0113598 0 0 0 0 0 0 8.6583e-265 0.00860579 0 0 0.0226957 0 0 0 0 0 0 0 0 0 0 0.0163609 0 0 0 0 0 0 0 
0 0 0 0 0 0 0 0.0115662 0 0 0 0 0 0 0 0 0 0.0224623 0 0 0 0.0240594 0 0 0 0 0 0 0.0157346 0 0 0 0 0 0 0 0.801518 0 0 0 0 0 0 0 0 0.00469825 0 0 0 0 0 0 0 0 0 0 0 0 0 0 0.00598298 0 0 0 0.00391323 0 0 0.0172238 0 0 0 0 0 0 0 0 0 0.0045635 0 0 0 0 0 0.00967111 0 0 0 0 0 0 0 0 0 0 0 0 0 5.75639e-261 0 0 
0 0 0 0 0 0 0 0 0 0 0 0 0 0 0 0 0.0274715 0 0 0 0 0 0 0 0 0 0 0 0 0 0 0 0 0 0 0 0 0.833192 0.0259632 0 0.0267943 0 0 0 0 0 0 0 0 0 0 0 0 0 0 0 0 0 0 0 0 0 0 0 0 0 0 0 0 0 0 0 0 0 0 0 0 0 0 0 0 0 0 0 0 0 0 0 0 0 0 0 0 0 0 0 0 0 0 0 
0 0 0 0 0 0 0 0 0 0 0.0304998 0.0283035 0 0 0 0 0 0 0 0 0 0 0 0 0 0 0 0 0 0 0 0 0 0 0 0 0 0 0.805251 0 0 0 0 0 0 0 0 0 0 0 0 0 0 0 0 0 0 0 0 0 0.00626043 0 0 0 0 0 0 0 0 0 0 0 0.0394286 0 0 0 0 0.00447716 0 0 0 0 2.76569e-47 0 0 0 0 0 0 0 0 0 0 0 0 0 0 0 0 0.0147059 
0 0 0 0 0 0 0 0 0 0 0 0 0 0 0 0 0 0 0 0 0 0 0 0 0 0 0 0 0 0 0 0 0 0 0 0 0 0 0 0.750044 0 0 0 0 0 0 0 0 0 0 0 0 0 0 0 0 0 0 0 0.00956039 0.00404331 0 0 0 0 0 0 0 0 0 0 0.10541 0 0 0 0 0 0.00447737 0 0 0 0 0 0 0 0 0 0 0 0 0 0 0 0 0 0 0 0 0 0 
0.0663584 0 0 0 0 0 0 0 0 0 0 0 0 0 0 0 0 0 0 0 0 0 0 0 0 0 0 0 0 0 0 0 0 0 0 0 0 0 0 0 0.81207 0 0 0 0 0 0 0 0 0 0 0 0 0 0 0 0 0 0 0 2.50337e-53 0 0 0 0 0 0 0 0 0 0 0 0 0 0 0 0 0 0 0 0 0 0 0 0 0 0 0 0 0 0 0 0 0 0 0 0 0 0 0 
0 0 0 0 0 0 0 0 0 0 0 0 0 0 0 0 0 0 0 0 0 0 0 0 0 0 0 0 0 0 0 0 0 0 0 0 0 0 0 0.0312435 0 0.933333 0 0 0 0 0 0 0 0 0 0 0 0 0 0 0 0 0 0 0 0 0 0 0 0 0 0 0 0 0 0 0 0 0 0 0 0 0 0 0 0 0 0 0 0 0 0 0 0 0 0 0 0 0 0 0 0 0 0 
0 0 0 0 0.0152238 0 0 0 0 0 0 0 0 0.0105893 0 0 0 0 0 0 0 0 0 0 0 0 0 0 0 0 0 0 0 0 0 0 0 0 0 0 0 0 0.876213 0 0 0.0125297 0 0 0 0 0 0 0 0 0 0 0 0 0 0 0.00603074 0 0 0 0 0 0 0 0 0 0 0 0 0 0 0 0 0 0 0 1.99504e-308 0 0 0 0 0 0 0 0.0180415 0 0 0 0 0 7.27782e-226 0 0 0 0 0 
0.00946115 0 0 0 0 0.00746439 0 0 0 0 0 0 0 0 0 1.17961e-182 0 0 0 0 0 2.29152e-185 0.0369441 0 0.00913179 0 0 0 0 0 0 5.53023e-254 0 0 0 0 0 0 0 0 0 0 0.0137799 0.712345 0 0.0101452 0 0 0 0 0 0 0 0 0 0 0 1.15087e-191 0 0 0.00792788 0 0 0 0.0221785 0 0 0 0 0 0 0 0 0.06495 0 0 0 0 7.58666e-235 0 0.0433445 0 0 0 0.0258004 0.00195374 0 0 2.07941e-286 0 0 0 0 0 2.11963e-198 0 0 0 0 0 
0 0 0 0 0 0 0 0 0 0 0 0 0 0 0 0 0 0 0 0 0 0 0 0 0 0.0209279 0 0 0 0 0 0 0 0 0 0 0 0 0 0 0 0 0 0 0.833333 0 0 0 0 0 0 0 0 0 0 0 0 0 0 0 0 0 0 0 0 0 0 0 0 0 0 0 0 0 0 0 0 0 0 0 0 0 0 0 0 0 0 0 0 0 0 0 0 0 0 0 0 0 0 0 
9.71596e-177 0 0.0284468 0.0776227 0 0 0 0 0 0 0 2.00501e-54 0 0 0.0090441 0 0 0 0.0104132 0 0 0 0.0793605 0 6.1194e-303 0 0 0 0 0 0 0.107349 0 0 0 0 0 0 0 0 0.0314033 0 0.0202603 0.0529257 0 0.797237 0 0 0 0 0.0462629 4.85249e-198 0 0 0 0.0161933 0 0 0 0 0 0 0 0 0 0 0 0 0 0 0 0 0 0.0160628 0 0 0 0 0 0 0.0386951 0 0 0 2.7246e-200 0.0187324 0 0 0 0.115933 0 0 0 0 0 0.033065 0 0 0 0 
0 0 0 0 0 0 0 0 0 0 0 0 0 0 0 0 0 0 0 0 0 0 0 0 0 0 0 0 0 0 0 0 0 0 0 0 0 0 0 0 0 0 0 3.65298e-293 0 0 0.813922 0 0 0 0 0 0 0 0.0214045 0 0 0 0 0.017939 0.00390835 0 0 0 0 0 0 0 0 0 0 0 0 0 6.29713e-272 0 0 0.0401225 0 0 0 0 0 0.00957738 0.00328619 0 0 0 0 0 0 0 0 0 0 0 0 0 0 0 
0 0 0 0 0 0 0 0 0 0 0 0 0 0 0 0 0 2.63297e-126 0 0 0 0 0 0 0 0 0 0.041666 0 0 0 0 0 0 0 0 0 0 0 0 0 0 0 0 0 0 0 0.792318 0 0 0 0 0 0 0 0 0 0 0.167119 0 0.00404945 0 0 0.0799899 0 0 0 0 0 0 0 0 0 0 0 0 0 0.0136031 0 0 0 0 0 0 0 0 0 0 0 0 0 0 0 0 0 0 0 0 0 0 
2.55374e-192 0 0 0 0 0 0 0 0 0 0 0 0 0 0 0 0 0 0 0 0 0 0 0 0 0 0 0 0 0 0 0.00778033 0 0 0 0 0 0 0 0.0312436 0 0 0 0 0 0 4.54971e-211 0 0.657172 0 0 0 0 0 0 0 0 0 0 0 0 0.0266447 0 0 0 0.0435169 0 0 0 0.0127627 0 0 0 0 0 0 1.51185e-143 0.00874715 0 0 0 0 0 0 0 0 0 0 0 0 0 0 0 0 0 0 0 0 0 0 
0 0 0 0 0 0 0 0 0 0 0 0 0 0 0 0 0.0137356 0 0 0.0297875 0 0 0 0 0 0 0 0 0 0 0 0 0.0589132 0 0 0 0 0 0 0 0 0 0 0 0 0 0 0 0 0.800443 0 0 0 0 0 0 0 0 0 0 0 0 0 0 0 0 0 0 0 0 0 0 0 0 0 0 0 0.00240024 0 0 0 0 0 0 0 0 0 0 0 0 0 0 0 0 0 0 0 0 0 0 
0 0.0411514 0 0 0 0 0 0 0 0 0 0 0 0.0210054 0 0 0 0 0 0 0 0 0 0 0 0 0 0 0 0 0 0 0 0 0 0 0 0 0 0.0312435 0 0 1.61089e-209 0 0 0.00473784 0 0 0 0 0.79344 0 0 0 0 0 0 0 0 0 0.00598756 0 0 0 0.00726955 0.0217579 5.68971e-195 0 0 0 0 1.22351e-257 0.0128126 0 0 0 0 0 0 2.26466e-296 0.0276928 0 0 0 0 0 0 0 0 0 0 0 0 0 0 0 0 0 0 0 
0.00946308 0 0 0 0 0 0 0 0 0 0 0 0 0 0 0 0 0 0 0 0 0 0 0 0 0 0.0150258 0 0.0396991 0 0 0 0 0 0 0 0 0 0 0 0 0 0 0 0 0 0 0 0 0 0 0.867631 0 0 0.00669775 0 0.0720425 0 0 0 0.00403748 0 0 0 0 0 0 0 0 0 0 0 0 0 0 0 0 0 0 0 0 0 0 0.009363 0.00654879 0 0 0 0 0 0 0 0.00808615 0 0 0 0.0129108 0 0 0.0147059 
0 0 0 6.84152e-53 0 0.0440499 0.0134673 0.0216541 0 0.0517053 0.0351574 0 0 0 0.15216 0 0 0.0092074 0 0 0.264386 0 3.19109e-211 0.0306298 0 0 0.030187 0 0 0 0 0.015548 0.0607189 0 0 0 0.0368563 0 0 0 0 0 0 0.0118812 0 0 0.113087 0.10375 0.091354 0 0 0 0.411822 0 0.0924032 0.00793936 0 0 0.334347 0.0592154 0.0020214 0 0 0 0 0 0 0.0170567 0.152386 0.0990091 0 0 0.0128166 1.00405e-154 0.0512628 0 0 0 0 0 0 0.0231241 0.0729732 0 0 0.00707448 0.0979024 0.0547946 0.0351653 0 0.045319 0 0.054797 0 0.0368772 0 0 4.03238e-274 0 0 
0 0 0 0 0 0 0 0 0 0 0 0 0 0 0 0 0 0 0 1.34388e-197 0 0 0 0 0 0 0 0 0 0 0 0 0.0202537 0 0.0263612 0 0 0 0 0 0 0 0 0 0 0 0 0 0 0.132985 0 0 0 0.666743 0 0 0 0 0 0 0.0040427 0 0 0 0 0 0 0 0 0 0 0 0 0 0 0 0 0.00223886 0.0172119 0 0 0 0 0 0 0 0 0 0 0.0128423 0 0 0 0 0 0 0 0 0 0 
0 0 0 0 0 0 0.0256232 0 0 0 0 0 0 0 0 1.21626e-289 0 0 0 0 0 0 0 0 0 0 0 0 0 0 0 0 0 0.0232671 0 0 0.00964264 0 0 0 0 0 0 0 0 0 0.00686974 0 0 0 0 0 0 0 0.798917 0 0 0 0 0.0207603 0.00401458 0 0 0 0 0 0 0.0170528 0 1.90812e-156 0 0 0 0 0 0 0 0.0400517 0 0 0 0 0 0.00918986 0 0 0 0 0 0 1.90574e-265 0 0 0 0 0 0 0 0 0 
0 0.0433369 0 6.11003e-309 4.02198e-278 4.21627e-134 0 0 0 0 0 0.0345322 0 0.0335334 0 0 0 0 0 0 0 0.00947772 0 0 7.3321e-147 0 0 0 0 0 0 0 0 0 0 0 0 0 0 0 0 0 0 0 0 0.00156444 0 0 0 0 0.122403 0 0 0 0 0.614517 0 0 0 0 0.00602847 0 0 0 0 0 0 0 0 0 0 0.105408 0 0.00521322 1.35469e-147 0 0.0872307 5.66288e-134 0 0.0421513 5.83142e-91 0 0.0101348 0 0 0 0 0 0 0 0 0 0 0 0 0 0 0 0 0 
0 0 0 0 0 0 0 0 0 0 0 0 0 0 0 0 0 0 0 0 0 0 0 0 0 0 0 0 0 0 0 0 0 0 0 0 0 0 0 0 0 0 0 0 0 0 0 0 0 0 0 0.0126157 0 0 0 0 0.729967 0 0 0.0668243 0.0060705 0 0 0 0 0 0 0 0 0 0 0 0 0 0 0 0 1.11506e-253 0 0 0 0 0 0 0 0 0 0 0 0 0 0 0 0 0 0 0.0382368 0 0 0 
0 0 0 0 0 0 0 0 0 6.70519e-114 0 0 0 0 0.00874087 0 0 0 0 0 0 0.0180875 0.0127845 0 3.28864e-181 0 0 0 0.0167219 0 0 0 0 0 0 0 0 0 0 0 0 0 0 8.77573e-290 0 0.00312938 0 0 0 0 0 0.00621069 0 0 0 0 0 0.864502 0 0 0.00759534 0 0 0 0 0 6.09032e-179 0 0 0 0 0 0 0 0 0 0 3.43426e-220 0 0 0 0 0 0.00471881 0.0205393 0.00853125 0 0 0 0 0 0 0 0 0 0 0 0 0 0 
0 0 0 0 0 0 0 0 0 0 0 0 0 0 0 0 0 0 0 0 0 0 0 0 0 0 0 0 0 0 0 0 0 0 0 0 0 0 0 0 0 0 0 0 0 0 0 0 0 0 0 0 0 0 0 0 0 0 0.498534 0 0 0 0 0.039995 0 0 0 0 0 0 0 0 0 0 0 0 0 0.013559 0 0 0 0 0 0 0 0 0 0 0 0 0 0.0014272 0 0 0 0 0 0 0 0 
0 0.0278993 0 0 0 0 0.0513166 0 0 0 0 0 0 0 0 0 0 0 0 0 0 0 0 0 0 0 0 0 0 0 0 0 0 0 0 0 0 0 0 0 0 0 0 0 0 0 0 0 0 0 0 0 0 0 0.013463 0 0 0 0 0.75815 0.0182018 0 0 0 0 0 0 0 0 0.0415489 0 0 0 0 0 0 0 0.00902627 0 0 0 0 0 0 0 0 0 0 0 0 0 0 0 0 0 0 0.0127243 0 0 0 
0 0 0.160559 0.0651806 0 0 0 0 0 0 0 0.0215545 0 0 0 0.016277 0 0 0 0 0 0 0.0215822 0 0 0.0209301 0 0.0416653 0 0 0 0.00760022 0 0 0 0 1.31326e-207 0 0 0 0 0 0 0.00876698 0 0.0305373 0 0 0 0 0 0 0.0028415 0 0 0 0 0.025068 0 0 0.418647 0 0 0 0 0 0.0120813 0.0338331 0 0 0 0 0 0 0 0 0 0.0152765 0 0 0 0 0 0.00465061 0 0.032533 0 0 0.0261418 0 0 0.0131577 0 0 0 0.0280413 0 0 0 0 
0 0 0 0 0 0 0 0 0 0 0 0 0 0 0 0 0 0 0 0 0 0 0 0.0102067 0 0 0 0 0 0 0 0 0 0 0 0 0 0 0 0.0937381 0 0 0 0 0 0 0 0 0.0314287 0 0 0 0 0 0 0 0 0 0 0 0.00205815 0.919822 0 0 0 0 0 0 0 0 0 0 0 0 0 0 0 0 0 0 0 0 0 0 0 0 0 0 0 0 0 0 0 0 0 0 0 0 0 0 
0 0 0 0 0 0 0 0 0 0 0 0 0.0101171 0 0 0 0 0.0091211 0 0 0 0 0 0 0 0 0 0 0 0 0 0 0 0 0 0.0129361 0 0 0 0 0 0 0 0 0 0 0 0 0 0 0 0 0 0 0 0 0 0 0 0 0.00808564 0 0.886735 0 0 0 0 0 0 0 0 0 0 0 0 0 0 2.43937e-270 0 0 0 0 0 0 0 0 0 0 0 0 0 0 0 0 0 0 0 0 0 0 
0 0 0 0 0 0 0 0 0 0 0 0 0 0 0 0 0 0 0 0 0 0 0 0 0 0 0 0.125014 0 0 0 0 0 0 0 0 0 0 0 0 0 0 0 0 0 0 0 0 0 0 0 0 0 0 0 0 0 0 0 0 0 0 0 0.84002 0 0 0 0 0 0 0 0 0 0 0 0 0 0.00223771 0 0 0 0 0 0 0 0 0 0 0 0 0 0 0 0 0 0 0 0 0 0 
0 0 0 0 0 0.00747376 0 0 0 0.00687488 0.032946 0 0 0 0 0 0 0.0293246 0 0 0 0.0236364 0 0 0 1.65276e-82 0 0 0 0 0 0 0 0 0 0 0 0 0 0 0 0 0 0.00551812 0 0 0 0 0 0 0 0 0 0 0 0 0 1.09963e-205 0 0 0.0141838 0 0 0 0.817659 0 0 0 0 0 0 0 8.42556e-284 0 0 0 0 0 0 0.031864 0.0111664 0 0 0 0 0 0 8.7334e-178 0 0 0 0 0.0082191 0 0 0 0 0 0 0 
0 0 0 0 0 0 0 0 0 0 0 0 0 0 0 0 0 0 0 0 0 0 0 0 0 0 0 0 0 0.1 0 0 0 0 0 0 0 0 0 0 0 0 0 0 0 0 0 0 0 0 0 0 0 0 0 0 0 0 0 0 0 0 0 0 0 0.869449 0 0 0 0 0 0 0 0 0 0 0.0130944 0 0 0.0425395 0 0 0 0 0 0 0 0 0 0 0 0 0 0 0 0 0 0 0 0 
0 0 0 0 0 0 0 0 0 0 0 0 0 0 0 0 0 0.0091505 0 0 0 0.0061321 0 0 0 0 0 0 0 0 0 0 0 0 0 0 0 0 0 0 0 0 0 0 0 0 0 0 0 0 7.8328e-274 0 0 0 0 0 0 0 0 0 0.0040373 0 0 0 0.0580951 0.0217608 0.782493 0 0 0 0 0 0 0 0 0 0 0 0 0.0424943 0 0 0 0 0 0.00177157 0 0 0 0 0 0 0 0 0 0 0 0 0 0 
0 0 0 0 0 0 0 0 0 0.00862409 0 0 0 0 0.0359995 0 0 0 0 0 0 0 3.7968e-121 0 0 0 0 0 0 0 0.00962961 0 0 0 0 0 0.00949639 0 0 0 0 0 0 0 0 3.30176e-240 0 0 0 0 0 0 0 0 0 0 0 0 0 0 0.00604652 0 0 0 0 0 0.0241626 0.761392 0 0 0 0 0 0 0 0 0 7.57146e-43 0 0 0 0 0 0 0 0.00352669 0 0 0 0 0 0 0 0 0 0 0 0 0 0 
0 0 0 0 0 0 0 0.0128802 0 0.00924791 0.016451 0 0 0 2.13644e-278 0 0 0 0 0 0.0454852 0 0 0 0 0 0 0 0 0 0 0 0 0 0 0 0 0 0 0 0 0 0 0 0 0 0 0 0 0 0 0 0 0 0 0 0 0 0 0 0 0 0 0 0 0 0 0 0.768517 0 0 0 0 0 0 0 0 0.0429632 0 0 0 0 0 0 0 0 0 4.61191e-221 0 0 0 0 0 0 0 0 0 0 0 0 
0 0.0560733 0 0 0 0 0.0897089 0 0 0 0 0 0 0 0 0 0 0 0 0 0 0 0 0 0 0 0 0 0 0 0 0 0 0.0928286 0 0 0 0 0 0 0 0 0 0 0 0 0 0 0 0 0 0.00630658 3.52938e-268 0 0 0 2.48414e-117 0 0 0.0291967 0 0 0 0 0 0 0 0 0 0.705906 0.0115119 0 0 0 0 0 0 0.00669201 0 0 0 0 0 0 0 0 0 0 0 0 0 0 0 0 0 0 4.75673e-28 0 0 0 
0 0 0 0 0 0 0 0 0 0 0 0 0 0 0 0.0268374 0 0 0 0 0 0 0 0 0 0 0 0 0 0 0 0 0 5.26587e-309 0 0 0 0 0 0 0 0 0 0 0 0 0 0 0 0 0 0 0 0.0555412 0.0200484 0 0 0 0 0 0.00810869 0 0 0 0 0 0 0 0 0.012787 0.804891 0 0 0 0 0 0 7.86346e-46 0.0172116 0 0.00581141 0 0 0 0 0 0 0 0 0 0 0 0 0 0 0 0 0 0 0 
0 0 0 0 0 0 0 0 0 0 0 0 0 0 0 0 0 0 0 0 0 0 0 0 0 0 0 0 0 0 0 0 0 0 0 0 0 0 0 0 0 0 0 0 0 0 0 0 0 0 0 0 0 0 0 0 0.0539845 0 0 4.15473e-294 0 0 0 0 0 0 0 0 0 0 0 0.7183 0 0 0.0359647 0 0 0 0 0 0 0 0 0 0 0 0 0 0 0 0 0 0 0 0 0 0 0 0 0 
0 0 0 0 0 0 0 0 0 0 0.0165437 0.021417 0 0 0 0 0 0.0091218 0 0 0 0 0 0 0 0 0 0 0 0 0 3.24306e-236 0 0 0 0 0 0 0 0 0 0 0 0 0 0 0 0 0.0313235 0 0 0 0 0 0 0 0 0 0 0 0.00817077 0 0 0 0 0 0 0 0 0 0 0 0.807149 0 0 0 0 0.00446423 0 0 0 0 0.030067 0 0 0 0 0 0 0 0 0 0 0 0 0 0 0 0 0 
0 0 0 0 0 5.16004e-60 0 0 0 0 0 0 0.0202343 0 0 0.00660049 0 0 0 0 0 0 1.66749e-156 0 0 0 0 0 0 0 0 7.51254e-159 0 0 0 0 0 0 0 0 0 0 0 0.017389 0 0.0157112 0 0 0 0 0 0.00629748 0 0 0 6.11438e-212 0 0 0 0 0.00816137 0 0 0 0 0 0 0 0 0 0 0 0 0.87556 0 0 0 0.00223868 1.52836e-160 0 0 0 0 0 0.00280249 0 0 0 0.0178405 0 0 0 0 0 6.40518e-126 0 0 0 0 0 
0 0 0 0 0.0152263 0 0 0 0 0 0 0 0 0 0 0 0 0 0 0 0 0 0 0 0 0 0 0 0 0 0 0 0 0 0 0 0 0 0 0 0 0 0 0 0 0 1.31376e-310 0 0 0 0 0 0 0 0.00669097 0 0 0 0 0 0.00404278 0 0 0 0 0 0 0 0 0.0383334 0 0.0357454 0 0 0.869656 0 0 0.0182716 0 0 0 0 0 0 0 0 0 0 0 0 0 0 0 0 0 0 0 0 0 0 
0 0 0 0 0 0 0 0 0 0 0 0 0 0 0 0 0 0 0 0 0 0 0 0 0 0 0 0 0 0 0 0 0 0 0 0 0 0 0 0 0 0 0 0 0 0 0 0 0 0 0 0 0 0 0 0 0 0 0 0 0.0020214 0 0 0 0 0 0.0120813 0 0 0 0 0 0 0 0 0.905848 0 0 0 0 0 0 0 0 0 0 0 0 0 0 0 0 0 0 0 0 0 0.0221853 0 0 
2.06063e-294 0.0558277 0 0 0 0 0 0 0 0 0 0.00712443 0 0.0209877 0 0 0 0 0 0 0 0 0 0 0 0 0 0 0 0.1 0 0 0 0 0 0 0 0 0 0 0 0 0 0 0 0 0.00657363 0 0 0 0 0 0 0 0 0 0 0 0 0 0 0 0 0 0 0 0 0 0 0 0 0 0 0 0 0 0.855963 0 0 0 0 0 0 0 0 0 0 0 0 0 0 0 0 0 0 0 0 0 0 0 
0 0 0 0 0 0 0 0 0 0 0 0 0 0 0 0 0 0 0 0 0.0111294 0 0 1.58265e-271 0 0 0 0 0 0 0 0 0 0 0 0 0 0 0 0 0 0 0 0 0 0 0 0 0 0 0 0 0.0905491 0 0 0 0 0 0 0 0.0380907 0 0 0 0 0 0 0 0 0.0127632 0 0 0 0 0 0 0 0.444699 0 0 0 0 0.420168 0 0 0.0020354 0 0 0 0 0 0.111779 0 0 0 0 0 0 0 0 
0 0 0 0.0156456 0 0 0 0 0 0 0 0 0 0 0 0.0132273 0.042495 0 0 0 0 0 0 0 0 0 0 0 0 0 0.0868175 0 0 0.0233586 0.0263612 0 0 0.0333614 0 0 0 0 0 0 0 0.00312909 0 0 0 0.0332848 0 0 0 0 0.00668298 0 0 0 0 0 0.00594651 0 0 0 0 0 0 0 0 0 0 0 0 0 0 0 0 0.00225418 0.775532 0 7.53921e-216 0 7.14896e-221 0 0 0 0 0 0 0 0 0 0 0 0 0 0 0 0 0 
0 0 0 0 0 0 0 0 0 0 0 0 0 0 0 0 0 0 0.0515644 0 0 0 0 0 0 0.0428626 0 0 0 0 0 0 0 0 0.0527224 0.0129141 0.00940406 0 0 0 0 0 0 0 0.166667 0 0 0 0 0 0.0281773 0 0 0 0 0 0 0 0 0 0 0 0 0 0.0145796 0 0.0117496 0 0 0 0 0 1.40142e-33 0 0 0 0 0 0 0.808821 0 0 0 0 0 0 0 0 0 0 0 0 0 0 0 0 0 0 0 0 
0 0 0 0 0.00507636 0.00746842 0 0 0 0 0 0 0 2.93907e-292 0 0 0 0 0.073865 0 0 0 4.71237e-213 0 0 5.65716e-103 0 0 0 0 0 0 0 0 0 0.0117709 0 0 0 0 0 0 0.0140753 3.17655e-311 0 0.021658 0 0 0 0 0.00971713 0 0 0 1.47356e-211 0.00792152 0 0 0 0 0.0121344 0 0 0 0.0145944 0 0 0 0 0 0 0 0 0 0 0 0 0.00229724 0 2.57237e-281 0.780903 0 0 0 0 0 0 0 0 0 0 0 0.0239984 0 0 0 0 0 0 0 
0 0 0 0 0 0 0 0 0 0 0 0.00712144 0 0 0 0 0 0 0 0 0 0 0 0.0204135 0 0 0 0.0833305 0 0 0 0 0 0 0 0 0 0 0 0 0 0 0 0 0 0 0 0 0 0 0 0 0 0 0 0 0 0 0 0 0.00404294 0 0 0 0 0 0 0 0 0 0 0.0351368 0 0 0 0 0 0.00223867 0 0 0 0.795996 0 0 0 0 0 0 0 0 0 0 0 0 0 0 0 0 0 0 
0 0 0 0 0 0.00834621 0 0 0 0 4.26633e-200 0 0 0 0 0 0 0.018237 0 0 1.90053e-306 0 0 0 0 0 0 0 0 0 0 0 0 0 0 0 0 0 0 0 0 0 0 6.85103e-288 0 0 7.62048e-185 0.0793097 0 0 0 0 0.119139 0 0.00671501 0 0 0 0 6.97633e-154 9.51465e-270 0 0 0 0 0 0 0 0 0 0 0 2.86303e-309 0 0 0 0 0.0203086 0 0 0 0 0.394097 0 0 0 0 0 0 0 0 0 8.09788e-182 0 0 0 0 0 0 0 
0 0 0 0 0 0 0 0 0 0 0 0 0 0 0 0 0 0 0 0 0 0 0.010878 0 0 0 0.015068 0 0.00801599 0 0 0 0 0 0 0 0 0 0 0 0 0 0 0 0 0 0 0 0 0 0 0.0190383 0 0 0 0 0 0.0158806 0 0 0.0166452 0 0 0 0 0 0 0 0 0 0 0 0 0 0 0 0 0.00689932 0 0 0 0 0 0.905169 2.58261e-109 0 0 0 0 0 0 0 0 0 0 0 0 0 0 0 
0.00946117 0 0 0 0 0 0 0 0 0 0 0 0 0 0 0 0 0 0 0 0 0 0 0 0.00913646 0 0 0 0.00717884 0 0 0 0 0 0 0 0 0 0 0 0 0 0 4.5506e-59 0 0.00310905 1.31581e-242 0 0 0 0 2.11522e-246 0 0 0 0 0 0.0348141 0 0 0.0234213 0 0 0 0 0 0 0 0 0 0 0 0 0.00999368 0 0 0 0.00207913 0 0 0 0 0 0.0193332 0.897354 0 0 0 0 0 0 0 0 0 0 0 0 0 0 0 
0.0169968 0 0 0.153467 0.0152292 0.0309053 0.0257174 0.0426579 0 0.0103094 0.0164542 0.00939394 0.0487768 0.00523165 0.00885851 4.52501e-52 0.0541715 0 0.062406 0 2.63192e-302 0.00860039 0.423286 1.67217e-230 0.0186151 0 0.0891282 0 0 0 2.18806e-166 0.0405089 0.0197841 0.0232588 0 0 0.0286092 0.0333615 0 0.0312435 0.0536012 0.0666669 0.0136647 0.0490073 0 0.00313999 0.0131359 1.55351e-222 0.0314544 0 5.99072e-179 0.0692923 0.0343414 0 8.57703e-257 0.253204 0 0.0159325 0 0 0.0272177 0.0535337 0 0 0.0145946 0.0435156 0.0964134 0.0681814 0.0424664 0 0 0 0.0128126 0.012994 0.00720783 0.0313839 0.030619 0.00239914 0.103838 0.0107377 0.0112697 0.0675436 0.0203834 3.78419e-100 0.0104475 0.511478 0 0.0211265 4.21773e-255 0.0257001 0 0 0.0511459 0 0.0162612 0 0 0.110917 0.0152751 0.970588 
0 0 0 0 0 0 0 0 0 0 0 0 0 0 0 0 0 0 0 0 0 0 0 0 0 0 0 0 0 0 0 0 0 0 0 0 0 0 0 0 0 0 0 0 0 0 0 0 0 0 0 0 4.71339e-12 0 0 0 0 0 0 0 0.00809321 0 0 0 0 0 0 0 0 0 0 0 0 0 0 0 0 0.00448569 0 0 0 0 0 0 0 0 0.730745 0 0 0 0.0904345 0 0 0.0454559 0 0 0 0 0 0 
0 0 0 0 0 0.0150125 0 0 0 0 0 0 0 0 0 0 0 0 0 0 6.41683e-245 0 0 0 0 0 0 0 0 0 0 0 0 0 0 0 0 0 0 0 0 0 0 0 0 0 0 0 0 0 0 0 0 0 0 0 0 0 0 0 0.00606099 0 0 0 0 0 0 0 0 0 0 0 0.0128128 0 0 0 0 0.0225768 0 0 0 0 0 0 0 0 0 0.831712 0 0 0 0 0 0 0 0 0 0 0 0 
0 0 0 0 0.014831 0.00770172 0 0 0 0 0 0 0 0.0152199 0 0 0 0 0 0 0 0 1.47015e-282 0 0 0 0 0 0 0 0 0 0 0 0 0 0 0 0 0 0 0 0.00686487 0 0 1.57841e-230 0.00665045 0 0 0 0 0 0 0 0 0.0331138 0 0 0 0 0.00692504 0 0 0 0 0 0 0 0 0 0 0 0 0 0 0 0 0.00666554 0 0 0 0 0 0 0 0.00519067 0 5.15934e-57 0.757789 0 0 0 0 0 0.0193704 0 0 0 0 0 
0 0 0 0 0 0 0 0 0 0 0 0 0 0 0 0 4.41484e-292 0 0 0.0297868 0 0 0 0 0 0 0 0 0 0 0 0.00800607 0 0 0 0.0129364 0 0.0667228 0 0 0.0267658 0 0 0 0 0.00783014 0 0 0 0 0 0 0 0 0 0 0 0 0 0 0 0 0.0323612 0 0 0 0 0 0 0 0 0 0 0 0 0 0 0 0 0 0 0 0 0 0 0 0 0 0 0.832682 0 0 0 0 0 0 0 0 0 0 
0 0 0 0 0 0 0 0 0 0 0 0.0142427 0 0 0 0 0 0 0 0 0 0 0 0 0 0 0 0 0 0 0 0 0.0201681 0 0 0 0.0564267 0 0 0 0 0 0 0 0 0 0 0 0 0 0 0 0.00283608 0.0277755 0 0 0 0 0 0 0 0 0 0 0 0 0 0 0 0 0 0 0 0 0 0 0 0 0 0 0 0 0 0 0 0 0 0 0 0 0.682712 0 0 0 0 0 0.0127035 0.0445144 0 0 
0 0 0.0554267 0 0 0 0 0 0 0 0 0 0 0 0 0 0 0 0 0 0 0 0 0 0 0 0 0 0 0 0 0 0 0 0 0 0 0 0 0 0 0 0 0 0 0 0 0 0 0 0 0 0.327133 0 0 0 0 0 0 0 0.00162197 0 0 0 0 0 0 0 0 0.0126814 0 0 0 0 0 0 0 0 0 0 0 0 0 0 0 0.0165616 0 0 0 0 0 0.838634 0 0 0 0.054077 0 0 0 0 
0 0 0 0 0 0 0 0 0 0 0 0 0.0120326 0 0 0 0 0.0182493 0 0 0 0 0 0.0306232 0.0181965 0 8.53286e-262 0 0 0 0 0 0 0 0 0 0 0 0 0 0 0 0 1.51154e-105 0 0 0.00653029 0.0098196 0 0 0 0.00630043 0 0 0.0202935 0 0 0 0 0 0.00407807 0 0 0 0 0 0 0 0 0 0 0 0 0 0 0 0 0.0189075 0 0 0 0 2.99782e-289 2.32941e-263 0.00654948 0 0 0 0 0 0 0 0.771066 0 0 0 0 0 1.14869e-76 0 
0 0 0 0 0 0 0 0 0 0 0 0 0 0 0 0 0 0 0 0 0 0 0 0 0 0 0 0 0 0 0 0 0 0 0 0 0 0 0 0 0 0 0 0 0 0 0 0 0 0 0 0 0 0 0 0 0 0 0 0 0 0 0 0 0 0 0 0 0 0 0 0 0 0 0 0 0 0 0 0 0 0 0 0 0 0 0.0244778 0 0 0 0 0 0 0.909088 0 0 0 0.0221853 0 0 
0 0 0 0 0.0260936 9.4981e-307 0 0 0 0 0 0 0 0.00512897 0 0.0205377 0 0 0 0 0 0 0.0269195 0 0.00455503 0 0 0 0 0 0 0 0 0 0 0 0 0 0 0 0 0 0.0138487 1.30713e-124 0 0.0015636 0 0 0 0 0 0 0 0 0 3.54518e-185 0 0 0 0 0.0184411 0 0 0 0 0 0 0 0 0 3.75494e-256 0 0 0.0053125 0 0 0 0.00224547 0 0 0 0 0 0 0 0 0 0.020589 0.0214914 0 0 0 0 0 0.872916 0 0 0 0 0 
0 0 0 0 0 0 0 0 0 0 0 0 0 0 0 0 0 0 0 0 0 0 0 0 0 0 0 0 0 0 0 0 0 0 0 0 0 0 0 0 0 0 0 0 0 0 0 0 0 0 0 0 0 0 0 0 0 0 0 0 0 0 0 0 0 0 0 0 0 0 0 0 0 0 0 0 0 0 0 0 0 0 0 0 0 0.00177156 0 0 0 0 0 0 0 0 0 0.884817 0 0 0 0 
0 0 0 0 0 0 0 0 0 0 0 0 0 0 0 0 0 0 0 0 0 0 0 0 0 0 0 0 0.0240623 0 0 0 0 0 0 0 0 0 0 0 0 0 0 0 0 0 0 0 6.05142e-298 0 0 0 0 0 0 0 0 0 0 0.0383536 7.05264e-256 0 0 0 0 0 0 0 0 0 0 0 0.0128126 0 0 0.0627679 0 0.00447354 0 0 0 0 0 0 0 0 0 0 0 0 0 0 0 0 0 0 0.847124 0 0 0 
0 0 0 0 0 0 0 0.0114776 0 0 0 0 0 0 0 0 0 0 0 0 0 0 0 0 0 0 0 0 0 0 0 0 0 0 0 0 0 0 0.0259632 0 0 0 0 0 0 0 0 0 0 0 0 0 0 0 0 0 0 0 0 0 0 0 0 0 0 0 0 0 0 0 0 0 0.0256255 0 0 0 0 0.00223872 0 0 0 0 0 0 0 0 0.0244778 0 0 0 0.0680991 0 0 0 0 0 0 0.778003 0 0 
0 0 0 0 0 0 0 0 0 0 0 0 0 0 0 0 0 0 0 0 0 0 0 1.61685e-149 0 0 0 0 0 0 0 0 0 0 0 0 0 0 0 0 0 0 0 0 0 0 0 0 0 0 0 0 0 0 0 0 0.0900081 0 0 0 0 0 0.0161872 0 0 0 0 0 0 0 0 0 0 0 0 0 0 0 0 0 0 0 0 0 0 0 0 0 0 0 0 0 0 0 0 0 0 0 0.908486 0 
0.00946103 0.0279135 0 0 0 0 0 0 1 0 0 0.0640918 0 0 0 0 0 0 0 0 0 0 0 0 0 0 0 0 0 0 0 0 0 0 0 0 0 0 0 0 0 0 0 0 0 0 0 0 0 0 0 0 0 0 0 0 0 0 0 0 0 0 0 0 0 0 0 0 0 0 0 0 0 0 0 0 0.0130933 0 0 0 0 0 0 0 0 0 0 0 0 0 0 0 0 0 0 0 0 0 0 0 


12	-4.49492 40.945 -0.958422 13.6901 -0.847351 14.3228 -0.838298 14.2036 -0.662376 12.9909 -0.643334 11.3824 
12 12	105.711 89.5702 4.00808 -13.8018 0.133233 -14.4061 -2.09626 -19.2502 -3.84238 -24.4923 -3.38791 -22.9025 
89.5702 1161.74 -9.91402 89.4699 -11.5242 33.9751 -10.6042 -39.3024 -9.26483 -76.4538 -6.41338 -67.1082 
4.00808 -9.91402 6.54767 -6.82344 4.93519 -1.85427 3.86878 3.01547 3.25085 4.00959 2.93678 3.21369 
-13.8018 89.4699 -6.82344 81.4744 -4.63172 55.5737 -3.3737 18.0055 -1.60026 -16.0786 -1.23482 -30.2763 
0.133233 -11.5242 4.93519 -4.63172 5.99569 -3.29375 4.97026 0.567319 3.82734 3.66344 3.3729 3.1576 
-14.4061 33.9751 -1.85427 55.5737 -3.29375 59.4447 -2.35744 36.3413 -0.362795 6.04565 0.527209 -13.5056 
-2.09626 -10.6042 3.86878 -3.3737 4.97026 -2.35744 5.96585 -0.828735 4.48178 2.20415 3.88096 3.17805 
-19.2502 -39.3024 3.01547 18.0055 0.567319 36.3413 -0.828735 49.3073 -0.199011 35.1989 0.756667 15.7662 
-3.84238 -9.26483 3.25085 -1.60026 3.82734 -0.362795 4.48178 -0.199011 5.31561 -0.619099 4.3605 0.53371 
-24.4923 -76.4538 4.00959 -16.0786 3.66344 6.04565 2.20415 35.1989 -0.619099 59.6201 0.0998298 47.3359 
-3.38791 -6.41338 2.93678 -1.23482 3.3729 0.527209 3.88096 0.756667 4.3605 0.0998298 5.0726 -1.25608 
-22.9025 -67.1082 3.21369 -30.2763 3.1576 -13.5056 3.17805 15.7662 0.53371 47.3359 -1.25608 62.3923 


12	3.68825 9.98324 -7.60333 -7.94138 -7.9375 -8.22357 -7.80935 -8.53338 -7.37095 -8.56755 -7.41095 -8.33917 
12 12	92.1609 -17.3417 -28.3346 -21.2581 -26.8771 -9.99066 -22.4837 -0.42959 -13.0677 9.80473 -9.65001 7.58514 
-17.3417 105.244 22.6876 -15.1833 28.3817 -9.41361 19.8484 -1.23589 14.0948 5.14588 5.34336 0.047071 
-28.3346 22.6876 39.952 19.7472 30.9215 5.93198 24.4668 -1.01534 20.1384 -2.11054 18.3958 4.62698 
-21.2581 -15.1833 19.7472 37.6537 9.26097 15.9948 6.27789 0.258276 5.30867 -4.02119 9.06763 7.06544 
-26.8771 28.3817 30.9215 9.26097 38.3477 9.73429 28.6741 -1.03953 24.5327 -1.28618 22.181 3.18261 
-9.99066 -9.41361 5.93198 15.9948 9.73429 20.4968 2.73225 1.78526 3.33784 -1.98876 7.53726 3.36771 
-22.4837 19.8484 24.4668 6.27789 28.6741 2.73225 32.1912 5.61701 25.8482 2.05806 22.3135 4.17371 
-0.42959 -1.23589 -1.01534 0.258276 -1.03953 1.78526 5.61701 12.8616 1.97428 5.43831 5.09191 5.78191 
-13.0677 14.0948 20.1384 5.30867 24.5327 3.33784 25.8482 1.97428 30.8037 10.212 27.8471 10.384 
9.80473 5.14588 -2.11054 -4.02119 -1.28618 -1.98876 2.05806 5.43831 10.212 20.823 10.652 15.5891 
-9.65001 5.34336 18.3958 9.06763 22.181 7.53726 22.3135 5.09191 27.8471 10.652 38.5057 23.1832 
7.58514 0.047071 4.62698 7.06544 3.18261 3.36771 4.17371 5.78191 10.384 15.5891 23.1832 31.8354 


12	-5.11797 0.858751 0.0758698 -0.0110217 0.0758699 -0.0110217 0.0758733 -0.0110217 0.0758743 -0.0110217 0.0758652 -0.0110175 
12 12	1085.03 66.2518 1.95353 -0.795235 1.95353 -0.795234 1.95348 -0.795234 1.95347 -0.795234 1.95346 -0.795212 
66.2518 1023.68 -0.0810885 1.99022 -0.081086 1.99022 -0.0811272 1.99022 -0.0811403 1.99022 -0.0810964 1.99019 
1.95353 -0.0810885 0.284296 -0.013629 0.284295 -0.013629 0.284294 -0.013629 0.284293 -0.013629 0.284294 -0.013629 
-0.795235 1.99022 -0.013629 0.27006 -0.013629 0.270059 -0.013629 0.270059 -0.013629 0.270059 -0.0136282 0.270058 
1.95353 -0.081086 0.284295 -0.013629 0.284296 -0.013629 0.284294 -0.013629 0.284293 -0.013629 0.284294 -0.013629 
-0.795234 1.99022 -0.013629 0.270059 -0.013629 0.27006 -0.013629 0.270059 -0.013629 0.270059 -0.0136282 0.270058 
1.95348 -0.0811272 0.284294 -0.013629 0.284294 -0.013629 0.284293 -0.013629 0.284292 -0.013629 0.284293 -0.013629 
-0.795234 1.99022 -0.013629 0.270059 -0.013629 0.270059 -0.013629 0.27006 -0.013629 0.270059 -0.0136282 0.270058 
1.95347 -0.0811403 0.284293 -0.013629 0.284293 -0.013629 0.284292 -0.013629 0.284292 -0.013629 0.284292 -0.013629 
-0.795234 1.99022 -0.013629 0.270059 -0.013629 0.270059 -0.013629 0.270059 -0.013629 0.27006 -0.0136282 0.270058 
1.95346 -0.0810964 0.284294 -0.0136282 0.284294 -0.0136282 0.284293 -0.0136282 0.284292 -0.0136282 0.284295 -0.0136282 
-0.795212 1.99019 -0.013629 0.270058 -0.013629 0.270058 -0.013629 0.270058 -0.013629 0.270058 -0.0136282 0.270057 


12	-3.52885 58.7389 -0.260938 3.10919 -0.0885732 1.57995 0.152338 1.04057 0.531357 0.822902 0.911442 0.604419 
12 12	125.488 -241.946 0.584786 -21.3136 -2.97072 -7.2436 -11.1894 -3.84553 -22.9855 -4.44611 -34.853 -4.15453 
-241.946 2234.14 -5.75573 137.673 -1.41631 52.7591 2.72364 25.2044 4.36765 18.975 14.4669 15.2564 
0.584786 -5.75573 0.496582 -1.13371 0.455881 -0.494153 0.909924 -0.206721 1.22885 -0.136069 1.27435 -0.103763 
-21.3136 137.673 -1.13371 27.4816 -0.354425 9.00309 -0.311695 2.57796 -0.871421 2.07058 0.161398 1.90016 
-2.97072 -1.41631 0.455881 -0.354425 1.00137 -0.159326 2.04543 0.029393 3.12225 0.152314 3.22456 0.0531262 
-7.2436 52.7591 -0.494153 9.00309 -0.159326 4.30098 -0.0769219 1.80018 -0.441683 1.28253 -0.653005 1.03877 
-11.1894 2.72364 0.909924 -0.311695 2.04543 -0.0769219 5.1691 0.365779 8.12227 0.618936 8.83371 0.366319 
-3.84553 25.2044 -0.206721 2.57796 0.029393 1.80018 0.365779 1.92775 0.455303 1.33454 0.29261 0.978909 
-22.9855 4.36765 1.22885 -0.871421 3.12225 -0.441683 8.12227 0.455303 14.5806 1.08462 17.0141 0.854875 
-4.44611 18.975 -0.136069 2.07058 0.152314 1.28253 0.618936 1.33454 1.08462 1.67066 1.2969 1.16887 
-34.853 14.4669 1.27435 0.161398 3.22456 -0.653005 8.83371 0.29261 17.0141 1.2969 23.4617 1.36804 
-4.15453 15.2564 -0.103763 1.90016 0.0531262 1.03877 0.366319 0.978909 0.854875 1.16887 1.36804 1.49458 


12	-4.54867 3.38663 -3.50146 -3.82658 -3.55597 -3.90003 -3.67764 -4.04132 -3.81813 -4.17097 -3.91214 -4.3181 
12 12	48.5699 26.5807 -4.32572 -1.53441 -4.74323 -1.68446 -4.50995 -1.83257 -2.7483 -1.13097 -0.964093 -0.394348 
26.5807 46.8983 -0.869862 -0.839504 -0.821234 -0.748843 0.15926 -0.233029 2.23514 1.05231 4.15055 2.24917 
-4.32572 -0.869862 3.30841 2.65445 2.23042 2.18004 1.4519 1.53614 0.787384 0.719834 0.246043 -0.0220805 
-1.53441 -0.839504 2.65445 4.19326 1.91138 2.85531 1.07153 1.82735 0.469993 0.782718 0.167179 -0.00898317 
-4.74323 -0.821234 2.23042 1.91138 3.07469 2.33815 2.11691 1.91491 1.56744 1.39871 0.936291 0.716152 
-1.68446 -0.748843 2.18004 2.85531 2.33815 3.8911 1.72618 2.48008 1.07028 1.62318 0.588855 0.657552 
-4.50995 0.15926 1.4519 1.07153 2.11691 1.72618 3.16357 2.16567 2.52111 1.99532 2.03285 1.61153 
-1.83257 -0.233029 1.53614 1.82735 1.91491 2.48008 2.16567 3.52843 1.73813 2.38852 1.20713 1.71265 
-2.7483 2.23514 0.787384 0.469993 1.56744 1.07028 2.52111 1.73813 4.11598 2.69692 3.63638 2.73393 
-1.13097 1.05231 0.719834 0.782718 1.39871 1.62318 1.99532 2.38852 2.69692 4.04862 2.44343 3.16605 
-0.964093 4.15055 0.246043 0.167179 0.936291 0.588855 2.03285 1.20713 3.63638 2.44343 5.4198 3.61855 
-0.394348 2.24917 -0.0220805 -0.00898317 0.716152 0.657552 1.61153 1.71265 2.73393 3.16605 3.61855 5.13137 


12	0.797383 -3.52866 5.2343 -1.02946 5.47306 -1.10255 5.61306 -1.11969 5.69989 -1.18939 5.58638 -1.16224 
12 12	51.4746 9.79487 -2.43833 1.11438 -3.65157 1.00903 -4.22079 0.858704 -5.96888 1.21125 -7.49262 1.79073 
9.79487 44.933 -1.00543 7.80881 0.25028 7.12746 1.39781 5.66496 1.76654 4.29625 2.25665 3.15096 
-2.43833 -1.00543 11.2621 -1.28925 9.62496 -1.7669 8.00543 -1.74186 6.4561 -1.33806 4.31904 -0.957017 
1.11438 7.80881 -1.28925 2.54041 -0.75458 2.24088 -0.409683 1.79949 -0.481346 1.48891 -0.299198 1.12216 
-3.65157 0.25028 9.62496 -0.75458 10.641 -1.35146 8.82126 -1.48448 7.36393 -1.11981 5.46655 -0.767442 
1.00903 7.12746 -1.7669 2.24088 -1.35146 2.66744 -0.874188 2.11525 -0.734563 1.66438 -0.643146 1.30204 
-4.22079 1.39781 8.00543 -0.409683 8.82126 -0.874188 9.78345 -1.15579 8.27896 -0.970883 6.60672 -0.688504 
0.858704 5.66496 -1.74186 1.79949 -1.48448 2.11525 -1.15579 2.41594 -0.950972 1.86296 -0.706811 1.40872 
-5.96888 1.76654 6.4561 -0.481346 7.36393 -0.734563 8.27896 -0.950972 9.55808 -1.00969 7.91201 -0.739726 
1.21125 4.29625 -1.33806 1.48891 -1.11981 1.66438 -0.970883 1.86296 -1.00969 2.15239 -0.771895 1.60253 
-7.49262 2.25665 4.31904 -0.299198 5.46655 -0.643146 6.60672 -0.706811 7.91201 -0.771895 9.02709 -0.839892 
1.79073 3.15096 -0.957017 1.12216 -0.767442 1.30204 -0.688504 1.40872 -0.739726 1.60253 -0.839892 1.85334 


12	-47.674 -4.50978 -17.0465 -0.514083 -17.4895 -0.266613 -16.5059 -0.0702061 -13.9897 -0.0940871 -11.3531 -0.192694 
12 12	375.234 -27.318 5.35953 -6.96563 -23.7018 2.17517 -63.5238 12.2805 -61.6457 13.4214 -35.6062 12.1939 
-27.318 107.984 -14.5364 -14.8714 0.080612 -18.1108 14.8486 -22.8202 14.4008 -24.4145 5.71325 -23.2284 
5.35953 -14.5364 82.1021 -13.8362 67.5068 -10.6191 39.4162 -3.28547 9.18001 2.04237 -9.11932 2.65855 
-6.96563 -14.8714 -13.8362 14.5065 -13.933 13.3124 -9.72891 8.81062 -4.52172 5.39779 -1.4984 2.99739 
-23.7018 0.080612 67.5068 -13.933 90.0774 -15.855 67.454 -9.33514 37.9144 -1.24154 13.0721 1.44114 
2.17517 -18.1108 -10.6191 13.3124 -15.855 17.5802 -14.0397 14.4848 -8.11363 10.1432 -2.92345 7.2456 
-63.5238 14.8486 39.4162 -9.72891 67.454 -14.0397 94.6161 -16.2311 73.2543 -8.63398 46.0732 -2.87809 
12.2805 -22.8202 -3.28547 8.81062 -9.33514 14.4848 -16.2311 19.5492 -13.332 17.6251 -6.03214 14.1792 
-61.6457 14.4008 9.18001 -4.52172 37.9144 -8.11363 73.2543 -13.332 90.2941 -11.0557 73.6275 -6.50359 
13.4214 -24.4145 2.04237 5.39779 -1.24154 10.1432 -8.63398 17.6251 -11.0557 23.1015 -7.97544 22.0765 
-35.6062 5.71325 -9.11932 -1.4984 13.0721 -2.92345 46.0732 -6.03214 73.6275 -7.97544 89.8044 -7.11227 
12.1939 -23.2284 2.65855 2.99739 1.44114 7.2456 -2.87809 14.1792 -6.50359 22.0765 -7.11227 27.3904 


12	-62.6924 -9.10505 4.88299 0.215038 5.39828 0.194383 5.73491 0.171007 5.88387 0.164271 5.95021 0.175382 
12 12	137.829 145.909 -3.99846 -10.073 -4.00561 -10.5076 -3.01153 -11.5614 -1.4876 -11.9659 -3.16138 -11.7149 
145.909 220.489 -1.08073 -14.4961 0.0410846 -15.2107 0.827785 -16.0514 2.5702 -16.6467 2.04876 -16.9405 
-3.99846 -1.08073 8.44365 0.150708 6.79062 0.425807 4.93993 0.366709 3.52935 0.160251 2.83397 -0.0450629 
-10.073 -14.4961 0.150708 1.40651 0.307048 1.16276 0.492613 1.10813 0.304412 1.15054 0.422396 1.08585 
-4.00561 0.0410846 6.79062 0.307048 8.15408 -0.0281065 5.872 0.38681 3.83118 0.243528 3.11028 -0.146373 
-10.5076 -15.2107 0.425807 1.16276 -0.0281065 1.4169 0.111151 1.19929 0.118089 1.15128 0.119881 1.19507 
-3.01153 0.827785 4.93993 0.492613 5.872 0.111151 6.99498 -0.193046 4.38607 0.277806 3.01707 -0.0313371 
-11.5614 -16.0514 0.366709 1.10813 0.38681 1.19929 -0.193046 1.54367 -0.0459377 1.26387 0.151723 1.22625 
