10	0.012448 0.00414938 0.0124478 0.929464 0.00414938 0.00829665 0.0082985 0.00829873 0.00414938 0.00829872 

10 10	0.00640919 0.00989891 3.38967e-24 2.52618e-15 0.00631042 9.24436e-07 3.01549e-22 0.00529722 0.00718889 0.000135243 
9.72476e-07 0.130475 0.306342 0.365801 2.23451e-07 2.92247e-11 0.0363004 6.37079e-09 1.90998e-09 1.53779e-16 
5.86194e-61 7.59476e-38 0.660721 0.549775 4.79632e-05 0.000694404 4.87571e-20 3.58346e-13 2.42104e-10 1.18127e-22 
0.558434 8.76519e-32 3.09119e-80 7.06891e-75 4.06547e-33 0.0499858 1.14367e-58 1.35376e-08 5.20467e-34 2.11201e-47 
0.00669182 0.712973 3.71619e-09 1.11979e-08 0.834935 0.000342106 2.34931e-05 6.27027e-09 0.00907521 1.12073e-12 
0.413 0.146142 2.39479e-09 1.30864e-27 3.16524e-05 0.946704 5.92041e-05 0.807418 0.000157862 1.7419e-13 
1.44682e-19 7.5114e-32 0.030644 8.08058e-16 4.66145e-07 4.37209e-37 0.818629 6.77257e-07 0.0154714 2.11198e-29 
7.25933e-07 1.80377e-16 6.36843e-08 0.0844243 0.137619 3.19489e-07 0.141728 0.187284 0.177377 0.999865 
0.0154626 0.000512237 0.0022931 3.27561e-50 0.0210553 0.00227289 0.00325969 2.48059e-15 0.602239 1.81736e-09 
2.00187e-64 1.21007e-18 2.08676e-16 6.18946e-33 5.60438e-11 1.31328e-15 1.53775e-70 3.69159e-07 0.188491 1.00203e-11 


4	389.333 320.667 514.283 357.949 
4 4	1017.56 -1275.89 -168.556 -541.777 
-1275.89 1668.22 276.553 881.106 
-168.556 276.553 91.0657 282.06 
-541.777 881.106 282.06 884.608 


4	532 268 472.939 200.939 
4 4	1 0 0 0 
0 1 0 0 
0 0 1 0 
0 0 0 1 


4	481.667 131 256.731 108.398 
4 4	1080.89 -90.6653 -807.281 86.9424 
-90.6653 182 -600.611 67.7257 
-807.281 -600.611 3165.13 -352.424 
86.9424 67.7257 -352.424 40.2635 


4	346.491 253.156 337.066 239.937 
4 4	20621.4 50.6577 1047.24 -124.561 
50.6577 8140.94 -2231.24 -803.478 
1047.24 -2231.24 22477.8 524.33 
-124.561 -803.478 524.33 8049.04 


4	386 141 570.001 161.001 
4 4	1 0 0 2.84217e-14 
0 1 0 0 
0 0 1 0 
2.84217e-14 0 0 1 


4	184.996 311.006 467.621 397.611 
4 4	324 -522 -807.471 2.529 
-522 842 1300.93 -4.0745 
-807.471 1300.93 2013.37 -6.30276 
2.529 -4.0745 -6.30276 1.01974 


4	194.998 345.501 142.955 320.457 
4 4	6889 -2448.5 -1484.91 -6008.41 
-2448.5 871.25 527.77 2135.52 
-1484.91 527.77 321.07 1295.1 
-6008.41 2135.52 1295.1 5241.38 


4	174 333.5 157.095 260.095 
4 4	4 -41 -49.938 -41.938 
-41 421.25 511.864 429.864 
-49.938 511.864 624.451 523.575 
-41.938 429.864 523.575 440.699 


4	105 148 293.064 101.064 
4 4	1 0 0 0 
0 1 0 0 
0 0 1 0 
0 0 0 1 


4	291.5 278 315.658 235.157 
4 4	306.25 -105 394.301 -69.4488 
-105 37 -135.189 23.811 
394.301 -135.189 508.668 -89.4163 
-69.4488 23.811 -89.4163 16.749 


4 4	1 9.50032e-17 3.4376e-16 -9.24282e-17 
-5.45218e-17 1 -5.85469e-18 -1.16985e-16 
0.151283 0.0116895 0.850486 0.000656207 
0.00107796 0.122466 0.00883216 0.89752 

4	-1.13687e-13 5.68434e-14 -5.14274 -9.02683 
4 4	1 9.09495e-13 -3.63798e-12 6.82121e-13 
9.09495e-13 1 1.81899e-12 0 
-3.63798e-12 1.81899e-12 41130.4 -708.517 
6.82121e-13 0 -708.517 25.5244 


4 4	1 2.40252e-17 6.1398e-17 -1.55041e-17 
1.14942e-18 1 -3.95005e-17 4.40864e-17 
0.0439013 -0.0115995 0.961633 0.0169958 
-0.007299 0.0638997 0.00902352 0.948176 

4	0 1.13687e-13 -4.05474 -4.15919 
4 4	1 0 -9.09495e-13 0 
0 1 -4.54747e-13 2.27374e-13 
-9.09495e-13 -4.54747e-13 26379 -799.122 
0 2.27374e-13 -799.122 43.1403 


4 4	1 -5.36045e-18 1.27843e-17 -6.47387e-18 
3.31613e-19 1 3.45589e-18 2.24484e-16 
0.0132738 -0.000585603 0.99012 0.00213267 
-0.000491607 0.0108431 0.000180801 0.991829 

4	5.68434e-14 -5.68434e-14 -1.82456 -0.430514 
4 4	1 0 2.27374e-13 4.26326e-14 
0 1 1.7053e-13 -1.81899e-12 
2.27374e-13 1.7053e-13 72873.6 995.287 
4.26326e-14 -1.81899e-12 995.287 17.8932 


4 4	1 -1.4203e-17 -2.20659e-16 3.78387e-17 
8.45678e-17 1 -4.28802e-17 5.78097e-16 
0.121023 0.00237376 0.877094 -0.00041139 
0.00176889 0.0757363 -0.00150756 0.921668 

4	1.13687e-13 -2.27374e-13 0.0766397 0.310226 
4 4	1 -4.54747e-13 7.27596e-12 -3.41061e-13 
-4.54747e-13 1 -4.54747e-13 -5.45697e-12 
7.27596e-12 -4.54747e-13 874.753 63.5618 
-3.41061e-13 -5.45697e-12 63.5618 9.15818 


4 4	1 -1.71846e-16 -1.6301e-16 1.11402e-16 
-6.4239e-18 1 -3.55618e-17 7.85504e-17 
0.130727 -0.00699753 0.886976 0.026057 
-0.0103183 0.178468 0.0176984 0.858994 

4	5.68434e-14 -5.68434e-14 -10.8432 -14.1015 
4 4	1 4.54747e-13 0 2.27374e-13 
4.54747e-13 1 9.09495e-13 -4.54747e-13 
0 9.09495e-13 40554.9 -2205.87 
2.27374e-13 -4.54747e-13 -2205.87 176.884 


4 4	1 -1.27827e-16 1.12839e-15 1.95156e-17 
-4.19315e-17 1 -4.81115e-19 1.16487e-15 
0.0624265 0.00958816 0.941481 -0.0103665 
0.000850887 0.0398939 -0.000806611 0.960478 

4	-1.7053e-13 -2.55795e-13 -0.995824 -0.0216169 
4 4	1 5.43565e-13 -1.09139e-11 3.97904e-13 
5.43565e-13 1 5.68434e-13 -8.18545e-12 
-1.09139e-11 5.68434e-13 10853.7 158.504 
3.97904e-13 -8.18545e-12 158.504 4.55603 


4 4	1 1.4375e-17 2.31274e-17 5.80048e-17 
1.48282e-17 1 -6.27143e-18 -1.52466e-17 
0.155981 -0.0484884 0.864657 -0.0578638 
0.0188995 0.29223 0.012565 0.918308 

4	-1.13687e-13 0 21.243 -65.6347 
4 4	1 -1.13687e-13 -9.09495e-13 -4.54747e-13 
-1.13687e-13 1 -1.13687e-13 0 
-9.09495e-13 -1.13687e-13 605298 921.585 
-4.54747e-13 0 921.585 179.122 


4 4	1 -4.45878e-17 -2.77295e-16 2.98147e-17 
-2.84264e-17 1 3.43218e-18 -2.84928e-16 
0.0907848 0.028578 0.9285 -0.0189451 
0.00540549 0.145334 -0.00513854 0.871797 

4	-5.68434e-14 2.55795e-13 -9.20194 -5.02063 
4 4	1 2.84217e-13 -1.81899e-12 1.1724e-13 
2.84217e-13 1 2.84217e-13 6.36646e-12 
-1.81899e-12 2.84217e-13 8418.12 -24.6055 
1.1724e-13 6.36646e-12 -24.6055 10.5011 


4 4	1 -9.86624e-18 3.33553e-17 1.0945e-16 
-3.07371e-17 1 -2.80114e-18 1.8323e-16 
0.190011 -0.0466545 0.828616 0.0985599 
-0.0297912 0.265477 0.0126561 0.742489 

4	-5.68434e-14 8.52651e-14 -16.3663 0.772126 
4 4	1 -4.54747e-13 -1.81899e-12 -5.68434e-13 
-4.54747e-13 1 -6.82121e-13 1.81899e-12 
-1.81899e-12 -6.82121e-13 2484.19 -2317.94 
-5.68434e-13 1.81899e-12 -2317.94 2440.08 


4 4	1 6.83047e-18 9.92109e-16 7.78457e-17 
2.53161e-17 1 -2.55939e-17 2.1684e-18 
0.247037 0.00511453 0.780403 0.0220608 
-0.0129671 0.233064 -0.00614543 0.77909 

4	-2.27374e-13 -5.68434e-14 -16.391 1.75777 
4 4	1 0 -3.63798e-12 -2.84217e-13 
0 1 -1.13687e-13 -9.09495e-13 
-3.63798e-12 -1.13687e-13 2181.63 10.57 
-2.84217e-13 -9.09495e-13 10.57 11.8445 


