5 12

0.171172
12	0.103274 0.667831 0.0137858 0.405857 -0.0433168 0.168598 -0.0198275 0.0631455 -0.0121035 0.0630918 1.27247 10.4172 
12 12	62.6979 0.683831 25.5519 1.39309 7.8847 0.537915 2.77701 0.220138 2.59611 0.220278 755.049 21.2281 
0.683831 20.536 0.559092 6.86827 0.14516 2.07542 -0.0675477 0.682462 -0.095222 0.682342 44.799 247.011 
25.5519 0.559092 13.675 0.948516 4.14645 0.316699 1.08419 0.0979498 1.01582 0.0980006 303.091 8.66902 
1.39309 6.86827 0.948516 3.87812 0.268235 1.12243 0.0311501 0.251514 0.0206535 0.25144 24.3889 87.7978 
7.8847 0.14516 4.14645 0.268235 1.78327 0.151417 0.411479 0.0286368 0.380453 0.0286666 97.5766 2.45301 
0.537915 2.07542 0.316699 1.12243 0.151417 0.665954 0.0117567 0.10427 0.00818212 0.104235 5.84665 26.7329 
2.77701 -0.0675477 1.08419 0.0311501 0.411479 0.0117567 0.250877 0.00639964 0.229927 0.00642864 32.4493 0.251818 
0.220138 0.682462 0.0979498 0.251514 0.0286368 0.10427 0.00639964 0.0753189 0.00520655 0.0753033 3.2932 6.14221 
2.59611 -0.095222 1.01582 0.0206535 0.380453 0.00818212 0.229927 0.00520655 0.233115 0.00522918 28.0372 -0.129568 
0.220278 0.682342 0.0980006 0.25144 0.0286666 0.104235 0.00642864 0.0753033 0.00522918 0.0753566 3.28758 6.14708 
755.049 44.799 303.091 24.3889 97.5766 5.84665 32.4493 3.2932 28.0372 3.28758 29723 1826.61 
21.2281 247.011 8.66902 87.7978 2.45301 26.7329 0.251818 6.14221 -0.129568 6.14708 1826.61 11019.3 


0.193953
12	0.833211 0.0725023 0.693056 0.10377 0.452465 0.000315936 0.094399 -0.115057 -0.181014 -0.281376 -0.752948 8.15458 
12 12	741.782 57.7776 669.017 49.7133 525.105 41.6895 358.187 31.2325 201.846 19.0007 2385.17 197.152 
57.7776 322.261 52.0314 285.007 43.0212 216.955 31.3772 144.829 19.1858 81.4091 225.924 1035.22 
669.017 52.0314 757.594 55.6895 653.189 48.8818 490.898 40.7965 303.809 28.9784 1998.16 151.488 
49.7133 285.007 55.6895 327.019 50.1889 277.55 40.9335 202.577 28.1221 123.266 184.709 848.94 
525.105 43.0212 653.189 50.1889 717.157 54.0254 594.001 47.3346 401.837 37.5951 1525.86 111.012 
41.6895 216.955 48.8818 277.55 54.0254 310.762 47.933 252.734 36.6806 167.864 149.814 640.787 
358.187 31.3772 490.898 40.9335 594.001 47.933 621.902 51.0821 453.014 41.7794 1087.68 77.62 
31.2325 144.829 40.7965 202.577 47.3346 252.734 51.0821 265.591 42.0454 189.71 112.395 457.686 
201.846 19.1858 303.809 28.1221 401.837 36.6806 453.014 42.0454 387.83 40.0433 677.783 56.1636 
19.0007 81.4091 28.9784 123.266 37.5951 167.864 41.7794 189.71 40.0433 166.408 78.5623 288.464 
2385.17 225.924 1998.16 184.709 1525.86 149.814 1087.68 112.395 677.783 78.5623 13220.3 984.284 
197.152 1035.22 151.488 848.94 111.012 640.787 77.62 457.686 56.1636 288.464 984.284 6081.54 


0.197355
12	0.0431585 0.0512383 0.0431498 0.0512349 0.0431078 0.051246 0.2393 0.251379 0.303895 0.341372 15.7135 7.74964 
12 12	0.391017 0.0295985 0.391012 0.0295962 0.391015 0.0295957 0.302752 0.00621063 0.2262 -0.0104406 41.7775 2.05091 
0.0295985 0.202164 0.0296291 0.20217 0.0296313 0.202172 0.00486725 0.143204 0.000823517 0.101942 7.89655 19.9514 
0.391012 0.0296291 0.391169 0.0296291 0.391038 0.0296286 0.302734 0.00627369 0.225994 -0.0104251 41.7733 2.04229 
0.0295962 0.20217 0.0296291 0.202245 0.0296293 0.202188 0.00485178 0.143213 0.000789563 0.101905 7.89884 19.9445 
0.391015 0.0296313 0.391038 0.0296293 0.39118 0.0296288 0.302879 0.00628975 0.226292 -0.0103647 41.7735 2.05065 
0.0295957 0.202172 0.0296286 0.202188 0.0296288 0.202251 0.00483845 0.1432 0.000754301 0.101937 7.89436 19.9494 
0.302752 0.00486725 0.302734 0.00485178 0.302879 0.00483845 0.611348 0.225642 0.422579 0.0130335 25.9779 0.478379 
0.00621063 0.143204 0.00627369 0.143213 0.00628975 0.1432 0.225642 0.410128 0.0199366 0.207154 1.18816 13.6674 
0.2262 0.000823517 0.225994 0.000789563 0.226292 0.000754301 0.422579 0.0199366 1.38301 0.425172 19.9097 0.0709216 
-0.0104406 0.101942 -0.0104251 0.101905 -0.0103647 0.101937 0.0130335 0.207154 0.425172 0.843731 -2.50523 10.0489 
41.7775 7.89655 41.7733 7.89884 41.7735 7.89436 25.9779 1.18816 19.9097 -2.50523 16434.2 1145.04 
2.05091 19.9514 2.04229 19.9445 2.05065 19.9494 0.478379 13.6674 0.0709216 10.0489 1145.04 6815.75 


0.242624
12	0.321746 0.331884 0.366878 0.41934 0.455822 0.535222 0.398974 0.503143 0.428538 0.565475 0.903624 3.64151 
12 12	3.1698 0.520457 3.07471 0.395478 3.27751 0.419305 3.79682 0.532045 4.35763 0.601242 23.1604 4.49438 
0.520457 1.41573 0.396475 1.19252 0.367491 1.19114 0.472143 1.31076 0.551751 1.44599 1.67353 11.7037 
3.07471 0.396475 4.02817 0.634591 4.18902 0.522669 4.71032 0.648326 5.43891 0.737129 25.3979 5.30183 
0.395478 1.19252 0.634591 1.70782 0.469705 1.5707 0.542003 1.67187 0.629622 1.84622 1.98829 12.9791 
3.27751 0.367491 4.18902 0.469705 5.75595 0.807212 6.39466 0.805375 7.31318 0.944538 30.4042 6.22921 
0.419305 1.19114 0.522669 1.5707 0.807212 2.38339 0.765791 2.41551 0.862674 2.61372 2.83291 16.0932 
3.79682 0.472143 4.71032 0.542003 6.39466 0.765791 8.86897 1.10297 10.3302 1.29025 37.6981 7.65322 
0.532045 1.31076 0.648326 1.67187 0.805375 2.41551 1.10297 3.57618 1.19281 3.99575 4.22998 20.4852 
4.35763 0.551751 5.43891 0.629622 7.31318 0.862674 10.3302 1.19281 14.5909 1.56578 46.8371 9.03941 
0.601242 1.44599 0.737129 1.84622 0.944538 2.61372 1.29025 3.99575 1.56578 6.0366 5.13464 26.253 
23.1604 1.67353 25.3979 1.98829 30.4042 2.83291 37.6981 4.22998 46.8371 5.13464 413.31 54.1371 
4.49438 11.7037 5.30183 12.9791 6.22921 16.0932 7.65322 20.4852 9.03941 26.253 54.1371 337.001 


0.194895
12	0.284437 0.548704 0.446335 0.638803 0.625232 0.805865 0.833038 0.850573 0.993101 0.842388 0.34391 6.06172 
12 12	36.0142 1.17037 43.4998 2.09109 52.1954 2.71896 58.4768 2.59461 69.8926 2.93198 179.476 6.64512 
1.17037 12.1925 1.47918 14.431 1.81694 16.8044 1.71541 19.5938 1.64429 24.7985 6.69213 71.7362 
43.4998 1.47918 62.3316 2.73034 76.7159 3.57176 90.6198 3.65223 112.129 4.61553 221.865 8.15174 
2.09109 14.431 2.73034 21.7769 3.26305 26.342 3.58794 32.1116 4.46403 40.6785 11.644 90.0058 
52.1954 1.81694 76.7159 3.26305 110.856 4.62339 136.241 4.87069 176.539 6.35552 278.971 7.93906 
2.71896 16.8044 3.57176 26.342 4.62339 39.686 5.11394 50.7546 7.10107 65.4023 15.9115 111.394 
58.4768 1.71541 90.6198 3.58794 136.241 5.11394 202.796 6.90928 271.389 9.54434 352.848 8.96891 
2.59461 19.5938 3.65223 32.1116 4.87069 50.7546 6.90928 83.377 10.1682 111.317 22.4107 145.98 
69.8926 1.64429 112.129 4.46403 176.539 7.10107 271.389 10.1682 427.454 16.8205 479.144 7.78103 
2.93198 24.7985 4.61553 40.6785 6.35552 65.4023 9.54434 111.317 16.8205 178.379 34.1301 202.176 
179.476 6.69213 221.865 11.644 278.971 15.9115 352.848 22.4107 479.144 34.1301 1760.23 90.4836 
6.64512 71.7362 8.15174 90.0058 7.93906 111.394 8.96891 145.98 7.78103 202.176 90.4836 856.622 

