1	1 

1 1	1 


12	0 0 0 0 0 0 0 0 0 0 6.73231 12.9481 
12 12	1e-06 0 0 0 0 0 0 0 0 0 0 0 
0 1e-06 0 0 0 0 0 0 0 0 0 0 
0 0 1e-06 0 0 0 0 0 0 0 0 0 
0 0 0 1e-06 0 0 0 0 0 0 0 0 
0 0 0 0 1e-06 0 0 0 0 0 0 0 
0 0 0 0 0 1e-06 0 0 0 0 0 0 
0 0 0 0 0 0 1e-06 0 0 0 0 0 
0 0 0 0 0 0 0 1e-06 0 0 0 0 
0 0 0 0 0 0 0 0 1e-06 0 0 0 
0 0 0 0 0 0 0 0 0 1e-06 0 0 
0 0 0 0 0 0 0 0 0 0 40182.3 3097.35 
0 0 0 0 0 0 0 0 0 0 3097.35 16750.1 


12 12	1.00449 -0.0289136 -0.125391 0.048625 -0.07626 -0.00338721 -0.218495 -0.0320965 0.175835 0.0103567 0.0240459 0.000460357 
-0.00189491 0.983488 0.0159472 -0.18247 -0.00641909 -0.0369939 -0.0140066 -0.159073 0.00923234 0.126222 8.06904e-05 0.0264154 
1 -6.43881e-17 6.87929e-16 9.58587e-17 1.34016e-16 5.01158e-16 -9.81286e-16 -3.1832e-16 1.11606e-16 -4.78912e-17 2.02833e-17 -2.93751e-18 
-3.76421e-17 1 1.75198e-16 -1.56992e-16 -2.26755e-16 2.73637e-15 9.10057e-17 -1.73918e-15 -5.30137e-17 5.63961e-16 9.10984e-19 -8.13152e-18 
-1.41397e-16 -1.4838e-16 1 2.27208e-16 -9.34246e-16 4.77408e-16 -1.582e-16 -2.35179e-16 -8.26239e-17 -1.84537e-16 7.03175e-18 -9.11407e-19 
-3.78014e-17 -3.10732e-16 1.90421e-16 1 -2.39817e-16 2.30513e-15 9.11996e-17 -1.83874e-15 -7.01925e-17 7.8417e-16 9.95264e-19 -1.12079e-17 
-4.82363e-16 -7.26619e-17 9.46324e-16 1.49946e-16 1 4.73253e-16 -1.09733e-16 -2.51679e-16 -4.18549e-16 -1.99525e-16 1.63528e-17 -2.05533e-18 
-3.38093e-17 -8.60179e-17 1.94966e-16 2.82814e-16 -2.3868e-16 1 2.10316e-17 -1.02983e-15 -4.7656e-17 2.49058e-16 8.33269e-19 -1.05134e-17 
-1.42622e-16 -8.51675e-17 8.76722e-16 1.49066e-16 -1.33131e-15 3.97972e-16 1 -1.56557e-16 8.13321e-17 -2.95837e-16 3.37659e-18 -1.36161e-18 
-3.24219e-17 -2.96963e-16 1.64843e-16 5.00081e-16 -2.41269e-16 1.86188e-15 2.98756e-17 1 -6.60255e-17 2.02732e-16 8.64821e-19 -4.78065e-18 
-1.00449 0.0289136 0.125391 -0.048625 0.07626 0.00338721 0.218495 0.0320965 -0.175835 -0.0103567 0.975954 -0.000460357 
0.00189491 -0.983488 -0.0159472 0.18247 0.00641909 0.0369939 0.0140066 0.159073 -0.00923234 -0.126222 -8.06904e-05 0.973585 

12	-0.00195215 -0.0915196 1.11022e-16 -3.33067e-16 1.66533e-16 -4.44089e-16 2.22045e-16 -4.44089e-16 2.77556e-16 -3.33067e-16 0.00195215 0.0915196 
12 12	25.7075 1.52086 2.84217e-14 -8.88178e-15 2.84217e-14 -1.24345e-14 5.68434e-14 -9.76996e-15 4.9738e-14 -3.55271e-15 -25.7065 -1.52086 
1.52086 12.8642 -7.10543e-15 -3.55271e-14 -7.10543e-15 -5.68434e-14 -5.32907e-15 -5.68434e-14 -2.66454e-15 -4.61853e-14 -1.52086 -12.8632 
2.84217e-14 -7.10543e-15 0.001 -8.88178e-15 5.68434e-14 -1.24345e-14 8.52651e-14 -1.06581e-14 8.52651e-14 -1.77636e-15 1.01381e-30 -1.42109e-14 
-8.88178e-15 -3.55271e-14 -8.88178e-15 0.001 -1.06581e-14 -7.81597e-14 -7.10543e-15 -8.52651e-14 -3.55271e-15 -6.39488e-14 -2.84217e-14 -1.13687e-13 
2.84217e-14 -7.10543e-15 5.68434e-14 -1.06581e-14 0.001 -1.42109e-14 8.52651e-14 -8.88178e-15 1.13687e-13 -3.98641e-41 5.68434e-14 -1.77636e-14 
-1.24345e-14 -5.68434e-14 -1.24345e-14 -7.81597e-14 -1.42109e-14 0.001 -8.88178e-15 -1.06581e-13 -3.55271e-15 -8.52651e-14 -4.9738e-14 -1.7053e-13 
5.68434e-14 -5.32907e-15 8.52651e-14 -7.10543e-15 8.52651e-14 -8.88178e-15 0.001 -1.77636e-15 1.7053e-13 7.10543e-15 1.13687e-13 -7.10543e-15 
-9.76996e-15 -5.68434e-14 -1.06581e-14 -8.52651e-14 -8.88178e-15 -1.06581e-13 -1.77636e-15 0.001 1.77636e-15 -8.52651e-14 -3.19744e-14 -1.7053e-13 
4.9738e-14 -2.66454e-15 8.52651e-14 -3.55271e-15 1.13687e-13 -3.55271e-15 1.7053e-13 1.77636e-15 0.001 1.24345e-14 1.7053e-13 3.55271e-15 
-3.55271e-15 -4.61853e-14 -1.77636e-15 -6.39488e-14 -3.98641e-41 -8.52651e-14 7.10543e-15 -8.52651e-14 1.24345e-14 0.001 -7.10543e-15 -1.42109e-13 
-25.7065 -1.52086 1.01381e-30 -2.84217e-14 5.68434e-14 -4.9738e-14 1.13687e-13 -3.19744e-14 1.7053e-13 -7.10543e-15 190.748 2.07635 
-1.52086 -12.8632 -1.42109e-14 -1.13687e-13 -1.77636e-14 -1.7053e-13 -7.10543e-15 -1.7053e-13 3.55271e-15 -1.42109e-13 2.07635 12.8661 


