1 27

1
27	675.813 8.24361e-15 -4.42936e-16 -6.96649e-17 1.12734e-13 -5.13613e-17 4.64522e-17 -5.13606e-17 -5.136e-17 -5.13593e-17 -5.30934e-17 -4.86632e-17 -3.37005e-17 -3.54346e-17 -2.57268e-17 -2.73002e-17 -2.51137e-17 4.64532e-17 4.64543e-17 4.64553e-17 4.51553e-17 3.56633e-17 2.11253e-18 -1.89268e-18 4.5582e-18 5.26397e-18 1.16618e-17 
27 27	153334 1.47036 -13.0755 -15.2057 -3.19763 -8.27982 -6.93023 -8.27982 -8.27982 -8.27982 -8.27346 -7.67076 -7.46857 -7.43723 -7.47921 -7.03246 -6.6388 -6.93023 -6.93023 -6.93023 -6.92035 -5.93307 -5.58517 -5.19573 -4.83951 -4.63014 -4.85377 
1.47036 1 6.25081e-17 -3.92084e-17 0.161633 -3.29948e-17 -1.59941e-17 -3.29948e-17 -3.29813e-17 -3.29813e-17 -3.25593e-17 -1.9063e-17 -2.86085e-17 -2.52543e-17 1.08654e-18 -3.34425e-18 1.23524e-17 -1.59941e-17 -1.60077e-17 -1.60077e-17 -1.73248e-17 -1.6232e-17 -1.24393e-17 -1.52185e-17 -1.41775e-17 -8.42307e-18 1.4172e-17 
-13.0755 6.25081e-17 1 -4.47691e-17 2.45907e-18 0.431669 3.49844e-17 0.280565 0.200217 0.157833 0.132593 0.114601 0.0962646 0.076706 0.0597221 0.0478766 0.0396124 5.6189e-18 -1.98457e-17 -2.07465e-18 -1.06973e-17 -1.72124e-17 -6.74164e-18 1.45269e-18 -3.64071e-18 -2.69976e-18 1.40597e-18 
-15.2057 -3.92084e-17 -4.47691e-17 1 -5.47905e-17 5.83434e-18 0.421095 7.89758e-18 2.47925e-17 3.09241e-18 -4.45545e-18 6.52009e-18 5.59344e-18 -2.96541e-18 1.94092e-18 -4.3564e-19 4.18678e-18 0.262554 0.17997 0.136785 0.111875 0.094704 0.0800184 0.0658354 0.0529614 0.0432336 0.0351074 
-3.19763 0.161633 2.45907e-18 -5.47905e-17 1 2.22191e-18 -3.69923e-17 2.22715e-18 2.2251e-18 2.23688e-18 6.75739e-18 -4.1477e-18 -3.28154e-18 -4.15393e-18 -3.28833e-18 9.44217e-18 -2.26277e-18 -3.69975e-17 -3.69883e-17 -3.69803e-17 -3.69688e-17 -3.58945e-17 -4.91667e-17 -3.24688e-17 -2.86234e-17 -2.83027e-17 1.62053e-17 
-8.27982 -3.29948e-17 0.431669 5.83434e-18 2.22191e-18 1 4.48254e-17 0.756071 0.40203 0.212074 0.126276 0.0891106 0.087494 0.0883845 0.0718054 0.0485223 0.0313326 -4.05848e-17 6.32671e-18 1.61292e-17 4.90709e-18 1.74215e-18 -2.41946e-18 -5.65273e-18 -6.03794e-18 1.3418e-18 -1.52553e-18 
-6.93023 -1.59941e-17 3.49844e-17 0.421095 -3.69923e-17 4.48254e-17 1 5.90835e-17 3.11311e-18 6.40176e-18 -5.8312e-18 2.75938e-19 -1.95919e-18 1.69017e-18 -8.62759e-19 1.34832e-19 1.22312e-18 0.73346 0.382062 0.199789 0.115185 0.076511 0.0626208 0.0545419 0.0417366 0.0282126 0.0185324 
-8.27982 -3.29948e-17 0.280565 7.89758e-18 2.22715e-18 0.756071 5.90835e-17 1 0.756071 0.40203 0.212074 0.126276 0.0891106 0.087494 0.0883845 0.0718054 0.0485223 4.48143e-17 -4.05957e-17 6.35116e-18 1.61626e-17 4.85288e-18 2.83468e-18 -2.37791e-18 -5.60165e-18 -6.10118e-18 1.49273e-18 
-8.27982 -3.29813e-17 0.200217 2.47925e-17 2.2251e-18 0.40203 3.11311e-18 0.756071 1 0.756071 0.40203 0.212074 0.126276 0.0891106 0.087494 0.0883845 0.0718054 5.90379e-17 4.48009e-17 -4.0583e-17 6.38544e-18 1.67758e-17 5.47926e-18 2.86838e-18 -2.39114e-18 -5.63776e-18 -6.07425e-18 
-8.27982 -3.29813e-17 0.157833 3.09241e-18 2.23688e-18 0.212074 6.40176e-18 0.40203 0.756071 1 0.756071 0.40203 0.212074 0.126276 0.0891106 0.087494 0.0883845 3.106e-18 5.90623e-17 4.48348e-17 -4.05326e-17 6.03669e-18 1.49771e-17 4.44391e-18 2.86962e-18 -2.43017e-18 -5.52441e-18 
-8.27346 -3.25593e-17 0.132593 -4.45545e-18 6.75739e-18 0.126276 -5.8312e-18 0.212074 0.40203 0.756071 0.999998 0.756066 0.402009 0.212055 0.126268 0.0891104 0.087494 6.35827e-18 3.1039e-18 5.90541e-17 3.27027e-17 -3.05996e-17 2.32901e-18 1.60496e-17 5.50758e-18 3.27194e-18 -2.73997e-18 
-7.67076 -1.9063e-17 0.114601 6.52009e-18 -4.1477e-18 0.0891106 2.75938e-19 0.126276 0.212074 0.40203 0.756066 0.999351 0.754741 0.400022 0.209979 0.124386 0.0874304 -5.83216e-18 6.39207e-18 3.13812e-18 6.51813e-17 5.29754e-17 -2.11605e-17 2.273e-18 2.07809e-17 1.8749e-18 2.56454e-18 
-7.46857 -2.86085e-17 0.0962646 5.59344e-18 -3.28154e-18 0.087494 -1.95919e-18 0.0891106 0.126276 0.212074 0.402009 0.754741 0.991909 0.740618 0.386601 0.201151 0.117979 8.70922e-20 -5.68274e-18 8.96191e-18 3.4999e-18 3.95924e-17 1.77301e-17 -1.24419e-17 -1.24122e-17 1.27205e-17 3.68954e-18 
-7.43723 -2.52543e-17 0.076706 -2.96541e-18 -4.15393e-18 0.0883845 1.69017e-18 0.087494 0.0891106 0.126276 0.212055 0.400022 0.740618 0.955291 0.698585 0.361155 0.18673 -1.99049e-18 2.30208e-19 -5.6794e-18 7.33409e-18 1.22016e-17 3.96949e-17 3.18689e-17 -2.20797e-17 -1.35627e-17 8.62935e-18 
-7.47921 1.08654e-18 0.0597221 1.94092e-18 -3.28833e-18 0.0718054 -8.62759e-19 0.0883845 0.087494 0.0891106 0.126268 0.209979 0.386601 0.698585 0.886135 0.649884 0.333187 1.86811e-18 -1.41124e-18 -7.03434e-21 -5.03439e-18 3.8946e-18 4.03369e-18 4.03354e-17 -8.20282e-18 -3.06942e-17 -2.53778e-17 
-7.03246 -3.34425e-18 0.0478766 -4.3564e-19 9.44217e-18 0.0485223 1.34832e-19 0.0718054 0.0883845 0.087494 0.0891104 0.124386 0.201151 0.361155 0.649884 0.833781 0.605142 -8.85978e-19 1.87901e-18 -1.62661e-18 -9.45864e-20 -4.23379e-18 -2.65452e-18 -5.90796e-18 4.21328e-17 -4.58604e-17 -4.53059e-17 
-6.6388 1.23524e-17 0.0396124 4.18678e-18 -2.26277e-18 0.0313326 1.22312e-18 0.0485223 0.0718054 0.0883845 0.087494 0.0874304 0.117979 0.18673 0.333187 0.605142 0.76624 1.21261e-19 -8.88974e-19 1.83766e-18 -1.14318e-18 9.51701e-19 -3.66367e-18 -1.85578e-18 -7.4549e-18 3.0723e-17 -6.52424e-17 
-6.93023 -1.59941e-17 5.6189e-18 0.262554 -3.69975e-17 -4.05848e-17 0.73346 4.48143e-17 5.90379e-17 3.106e-18 6.35827e-18 -5.83216e-18 8.70922e-20 -1.99049e-18 1.86811e-18 -8.85978e-19 1.21261e-19 1 0.73346 0.382062 0.199789 0.115185 0.076511 0.0626208 0.0545419 0.0417366 0.0282126 
-6.93023 -1.60077e-17 -1.98457e-17 0.17997 -3.69883e-17 6.32671e-18 0.382062 -4.05957e-17 4.48009e-17 5.90623e-17 3.1039e-18 6.39207e-18 -5.68274e-18 2.30208e-19 -1.41124e-18 1.87901e-18 -8.88974e-19 0.73346 1 0.73346 0.382062 0.199789 0.115185 0.076511 0.0626208 0.0545419 0.0417366 
-6.93023 -1.60077e-17 -2.07465e-18 0.136785 -3.69803e-17 1.61292e-17 0.199789 6.35116e-18 -4.0583e-17 4.48348e-17 5.90541e-17 3.13812e-18 8.96191e-18 -5.6794e-18 -7.03434e-21 -1.62661e-18 1.83766e-18 0.382062 0.73346 1 0.73346 0.382062 0.199789 0.115185 0.076511 0.0626208 0.0545419 
-6.92035 -1.73248e-17 -1.06973e-17 0.111875 -3.69688e-17 4.90709e-18 0.115185 1.61626e-17 6.38544e-18 -4.05326e-17 3.27027e-17 6.51813e-17 3.4999e-18 7.33409e-18 -5.03439e-18 -9.45864e-20 -1.14318e-18 0.199789 0.382062 0.73346 0.999996 0.733452 0.382017 0.199736 0.115144 0.0764998 0.0626208 
-5.93307 -1.6232e-17 -1.72124e-17 0.094704 -3.58945e-17 1.74215e-18 0.076511 4.85288e-18 1.67758e-17 6.03669e-18 -3.05996e-17 5.29754e-17 3.95924e-17 1.22016e-17 3.8946e-18 -4.23379e-18 9.51701e-19 0.115185 0.199789 0.382062 0.733452 0.998791 0.731223 0.379048 0.19689 0.113221 0.074695 
-5.58517 -1.24393e-17 -6.74164e-18 0.0800184 -4.91667e-17 -2.41946e-18 0.0626208 2.83468e-18 5.47926e-18 1.49771e-17 2.32901e-18 -2.11605e-17 1.77301e-17 3.96949e-17 4.03369e-18 -2.65452e-18 -3.66367e-18 0.076511 0.115185 0.199789 0.382017 0.731223 0.983775 0.709568 0.359901 0.18654 0.104874 
-5.19573 -1.52185e-17 1.45269e-18 0.0658354 -3.24688e-17 -5.65273e-18 0.0545419 -2.37791e-18 2.86838e-18 4.44391e-18 1.60496e-17 2.273e-18 -1.24419e-17 3.18689e-17 4.03354e-17 -5.90796e-18 -1.85578e-18 0.0626208 0.076511 0.115185 0.199736 0.379048 0.709568 0.931877 0.650148 0.326571 0.168921 
-4.83951 -1.41775e-17 -3.64071e-18 0.0529614 -2.86234e-17 -6.03794e-18 0.0417366 -5.60165e-18 -2.39114e-18 2.86962e-18 5.50758e-18 2.07809e-17 -1.24122e-17 -2.20797e-17 -8.20282e-18 4.21328e-17 -7.4549e-18 0.0545419 0.0626208 0.076511 0.115144 0.19689 0.359901 0.650148 0.83206 0.583652 0.291113 
-4.63014 -8.42307e-18 -2.69976e-18 0.0432336 -2.83027e-17 1.3418e-18 0.0282126 -6.10118e-18 -5.63776e-18 -2.43017e-18 3.27194e-18 1.8749e-18 1.27205e-17 -1.35627e-17 -3.06942e-17 -4.58604e-17 3.0723e-17 0.0417366 0.0545419 0.0626208 0.0764998 0.113221 0.18654 0.326571 0.583652 0.755321 0.521696 
-4.85377 1.4172e-17 1.40597e-18 0.0351074 1.62053e-17 -1.52553e-18 0.0185324 1.49273e-18 -6.07425e-18 -5.52441e-18 -2.73997e-18 2.56454e-18 3.68954e-18 8.62935e-18 -2.53778e-17 -4.53059e-17 -6.52424e-17 0.0282126 0.0417366 0.0545419 0.0626208 0.074695 0.104874 0.168921 0.291113 0.521696 0.66682 

