15 13

0.0299578
13	642.448 -0.61914 -0.00180593 0.00850218 0.0495726 -1.5841e-17 -2.65564e-17 0.00246394 0.00513449 0.0042087 0.00283895 0.000945797 0.00680612 
13 13	150009 20.8478 -0.300576 2.64509 5.99022 -5.22919e-22 6.95358e-16 -7.62241 -20.269 -13.4815 -5.2024 -14.6317 3.5664 
20.8478 0.405807 -0.00319914 0.0159887 -0.0668311 -4.52355e-26 1.52714e-18 0.000765657 0.0011424 -0.00215574 0.00544237 0.00691114 0.019587 
-0.300576 -0.00319914 0.00811538 -0.000935924 0.0030781 5.76701e-25 1.0188e-20 0.00774036 0.0347872 0.0160586 -0.000294014 -0.00027757 -0.000770014 
2.64509 0.0159887 -0.000935924 0.0212164 -0.0140445 5.81708e-28 1.41374e-19 -7.98998e-05 -7.11401e-05 -0.00111277 0.00534558 0.0331298 0.023594 
5.99022 -0.0668311 0.0030781 -0.0140445 0.369187 -2.02884e-25 3.87357e-18 -0.000663921 -0.00229555 0.00111778 -0.00395966 -0.00345415 -0.0148861 
-5.22919e-22 -4.52355e-26 5.76701e-25 5.81708e-28 -2.02884e-25 1e-06 4.39722e-20 1.12797e-15 9.19042e-15 -7.35319e-15 -1.27759e-16 -1.00271e-15 -9.67989e-17 
6.95358e-16 1.52714e-18 1.0188e-20 1.41374e-19 3.87357e-18 4.39722e-20 1e-06 6.03243e-13 1.82064e-12 2.7037e-12 -4.85323e-14 -1.99504e-12 3.34134e-13 
-7.62241 0.000765657 0.00774036 -7.98998e-05 -0.000663921 1.12797e-15 6.03243e-13 0.0322639 0.121337 0.0648311 0.000542447 0.000191436 -0.000683488 
-20.269 0.0011424 0.0347872 -7.11401e-05 -0.00229555 9.19042e-15 1.82064e-12 0.121337 0.778992 0.322619 0.000779804 0.000308886 -0.00076989 
-13.4815 -0.00215574 0.0160586 -0.00111277 0.00111778 -7.35319e-15 2.7037e-12 0.0648311 0.322619 0.593032 0.000811944 0.000400183 -0.00174024 
-5.2024 0.00544237 -0.000294014 0.00534558 -0.00395966 -1.27759e-16 -4.85323e-14 0.000542447 0.000779804 0.000811944 0.0223115 0.0746326 0.0259819 
-14.6317 0.00691114 -0.00027757 0.0331298 -0.00345415 -1.00271e-15 -1.99504e-12 0.000191436 0.000308886 0.000400183 0.0746326 0.60832 0.154791 
3.5664 0.019587 -0.000770014 0.023594 -0.0148861 -9.67989e-17 3.34134e-13 -0.000683488 -0.00076989 -0.00174024 0.0259819 0.154791 0.221694 


0.00100799
13	1229.51 -0.885968 -0.0489032 0.0699481 0.129019 -0.0279571 0.0356921 -0.0701645 -0.423998 -0.0131541 0.0618919 -0.072183 0.00104053 
13 13	1528.94 -3.83814 5.50788 -4.22816 8.53087 3.37559 -3.36534 4.98713 9.23901 0.59965 -5.74837 -2.96845 -0.0471637 
-3.83814 0.132292 0.0440734 -0.0151946 -0.0151943 0.0306964 -0.0185183 0.0351649 -0.0430622 0.00296394 -0.0272179 -0.023388 -0.00060225 
5.50788 0.0440734 0.0628339 -0.0331577 0.0348018 0.0435805 -0.0251166 0.0438578 -0.108269 0.00289351 -0.041107 -0.00958832 0.00019914 
-4.22816 -0.0151946 -0.0331577 0.0241486 -0.0259279 -0.0220315 0.0149187 -0.0259865 0.01764 -0.00232699 0.0258569 -0.00337923 -0.000696576 
8.53087 -0.0151943 0.0348018 -0.0259279 0.0491917 0.0213448 -0.020997 0.0305017 0.0464404 0.00331658 -0.0361085 -0.0218133 -0.000566863 
3.37559 0.0306964 0.0435805 -0.0220315 0.0213448 0.0356031 -0.0168394 0.0309044 -0.0749418 0.00609499 -0.0242193 0.00893424 0.00397244 
-3.36534 -0.0185183 -0.0251166 0.0149187 -0.020997 -0.0168394 0.0172581 -0.021818 -0.0313801 -0.00339979 0.0253927 0.0263887 -0.00139328 
4.98713 0.0351649 0.0438578 -0.0259865 0.0305017 0.0309044 -0.021818 0.049694 0.0643785 0.0161012 -0.0253747 0.0378848 0.0157699 
9.23901 -0.0430622 -0.108269 0.01764 0.0464404 -0.0749418 -0.0313801 0.0643785 1.78108 0.0935291 0.0245114 0.145162 0.0934798 
0.59965 0.00296394 0.00289351 -0.00232699 0.00331658 0.00609499 -0.00339979 0.0161012 0.0935291 0.019184 0.0107705 0.0818916 0.0233218 
-5.74837 -0.0272179 -0.041107 0.0258569 -0.0361085 -0.0242193 0.0253927 -0.0253747 0.0245114 0.0107705 0.0602643 0.134842 0.0212822 
-2.96845 -0.023388 -0.00958832 -0.00337923 -0.0218133 0.00893424 0.0263887 0.0378848 0.145162 0.0818916 0.134842 0.658148 0.120375 
-0.0471637 -0.00060225 0.00019914 -0.000696576 -0.000566863 0.00397244 -0.00139328 0.0157699 0.0934798 0.0233218 0.0212822 0.120375 0.031954 


0.029037
13	619.117 0.0657977 0.00931532 -0.00672034 -0.0789872 0.0165392 -0.00334361 0.00895989 -0.00121275 -1.5841e-17 -0.018027 -0.0127579 -2.46484e-17 
13 13	138179 -20.2493 -19.2316 3.6791 8.37135 -27.0053 -3.57764 -45.7456 -60.0687 -1.66817e-20 -0.288686 -0.555614 -1.6163e-25 
-20.2493 0.443309 0.0158173 0.0311003 -0.0560538 0.00607258 0.0101414 0.00771184 -0.00546 -6.29586e-23 0.0206471 0.00374589 -4.10091e-29 
-19.2316 0.0158173 0.236384 -0.00979631 0.00648827 0.132498 0.00213702 0.196539 0.178953 3.28755e-23 0.00879035 0.00673504 -3.2677e-31 
3.6791 0.0311003 -0.00979631 0.151432 0.00534255 0.00377527 0.066179 0.00728509 0.0137987 -2.21244e-23 0.0952287 0.173272 4.69212e-29 
8.37135 -0.0560538 0.00648827 0.00534255 0.492546 0.0069072 0.0110602 0.00201675 -0.0115283 -1.18082e-23 0.00685052 0.00436505 -4.44978e-29 
-27.0053 0.00607258 0.132498 0.00377527 0.0069072 0.187248 0.0150522 0.197504 0.172697 2.22245e-23 0.010326 0.00370165 -5.80177e-31 
-3.57764 0.0101414 0.00213702 0.066179 0.0110602 0.0150522 0.114486 0.0146417 0.00878656 -1.74485e-23 0.07649 0.0867313 1.1729e-31 
-45.7456 0.00771184 0.196539 0.00728509 0.00201675 0.197504 0.0146417 0.415432 0.42536 2.45835e-23 0.0255654 0.0153216 3.37681e-30 
-60.0687 -0.00546 0.178953 0.0137987 -0.0115283 0.172697 0.00878656 0.42536 0.935651 3.60513e-23 0.0212434 0.0543814 8.11916e-29 
-1.66817e-20 -6.29586e-23 3.28755e-23 -2.21244e-23 -1.18082e-23 2.22245e-23 -1.74485e-23 2.45835e-23 3.60513e-23 1e-06 -1.1053e-14 9.93148e-15 -4.18034e-41 
-0.288686 0.0206471 0.00879035 0.0952287 0.00685052 0.010326 0.07649 0.0255654 0.0212434 -1.1053e-14 0.1748 0.19966 2.62945e-28 
-0.555614 0.00374589 0.00673504 0.173272 0.00436505 0.00370165 0.0867313 0.0153216 0.0543814 9.93148e-15 0.19966 0.50103 7.49319e-28 
-1.6163e-25 -4.10091e-29 -3.2677e-31 4.69212e-29 -4.44978e-29 -5.80177e-31 1.1729e-31 3.37681e-30 8.11916e-29 -4.18034e-41 2.62945e-28 7.49319e-28 1e-06 


0.274028
13	678.28 0.105074 -0.000111642 -0.000177784 0.179953 -0.000227401 -7.27841e-05 -0.000283251 4.60825e-12 -1.5841e-17 -2.6297e-05 -2.46484e-17 -2.46484e-17 
13 13	152038 1.29102 -30.3471 -21.768 4.77048 -19.9967 -10.7061 -4.76126 -1.87225e-09 8.85036e-44 -4.49259 -4.56452e-23 2.00719e-43 
1.29102 0.972196 -0.000126134 -0.000148455 0.186066 0.000138781 -3.03192e-05 0.000376289 -6.53999e-12 2.06308e-47 -4.79966e-05 -1.39387e-26 5.45065e-47 
-30.3471 -0.000126134 1.92544 -0.000117801 7.35331e-05 1.44345 -2.64384e-05 0.393203 8.40007e-12 5.43398e-49 -2.17786e-05 1.75379e-29 1.95206e-48 
-21.768 -0.000148455 -0.000117801 1.77501 6.72646e-05 -9.83577e-06 1.40253 6.95039e-05 -8.02698e-12 2.05154e-48 0.336837 1.00796e-25 4.63423e-48 
4.77048 0.186066 7.35331e-05 6.72646e-05 0.930189 0.000124544 -2.4179e-05 0.000251802 -2.38592e-12 2.54216e-47 -5.95625e-05 -1.76198e-26 6.1567e-47 
-19.9967 0.000138781 1.44345 -9.83577e-06 0.000124544 3.5109 5.26388e-05 0.945252 2.52316e-13 -8.23547e-49 0.000117482 2.0036e-27 -3.17508e-48 
-10.7061 -3.03192e-05 -2.64384e-05 1.40253 -2.4179e-05 5.26388e-05 3.51935 0.000163596 -3.11317e-13 2.89689e-49 0.943058 1.05184e-25 1.10566e-48 
-4.76126 0.000376289 0.393203 6.95039e-05 0.000251802 0.945252 0.000163596 0.563667 3.4639e-12 3.02597e-49 0.000290608 4.58118e-27 -1.99356e-49 
-1.87225e-09 -6.53999e-12 8.40007e-12 -8.02698e-12 -2.38592e-12 2.52316e-13 -3.11317e-13 3.4639e-12 1e-06 4.18108e-53 -6.84815e-09 -1.68851e-33 1.01829e-52 
8.85036e-44 2.06308e-47 5.43398e-49 2.05154e-48 2.54216e-47 -8.23547e-49 2.89689e-49 3.02597e-49 4.18108e-53 1e-06 2.52651e-19 1.24689e-35 1.54074e-35 
-4.49259 -4.79966e-05 -2.17786e-05 0.336837 -5.95625e-05 0.000117482 0.943058 0.000290608 -6.84815e-09 2.52651e-19 0.520137 1.50743e-25 -9.25493e-49 
-4.56452e-23 -1.39387e-26 1.75379e-29 1.00796e-25 -1.76198e-26 2.0036e-27 1.05184e-25 4.58118e-27 -1.68851e-33 1.24689e-35 1.50743e-25 1e-06 -1.7763e-61 
2.00719e-43 5.45065e-47 1.95206e-48 4.63423e-48 6.1567e-47 -3.17508e-48 1.10566e-48 -1.99356e-49 1.01829e-52 1.54074e-35 -9.25493e-49 -1.7763e-61 1e-06 


0.279265
13	674.933 0.224781 -3.58436e-05 -6.70036e-05 -0.190883 0.000182577 -2.65165e-05 0.000180026 3.40474e-15 -1.5841e-17 -1.98683e-05 -2.46484e-17 -2.46484e-17 
13 13	153427 1.47947 -3.05479 -17.0672 -10.6537 -3.80452 -8.71403 -6.35219 -7.26528e-12 -1.27822e-44 -13.9287 -1.68832e-20 1.51188e-44 
1.47947 1.11579 0.000295825 0.000309973 0.173531 -0.000109271 0.00011301 -0.000243221 5.06017e-16 1.4094e-47 0.000118037 2.16947e-24 -2.81972e-47 
-3.05479 0.000295825 0.0889051 6.2956e-05 0.000178991 0.0407315 1.03973e-05 0.154907 4.5001e-15 4.84401e-50 1.19459e-05 1.32228e-27 -1.1072e-49 
-17.0672 0.000309973 6.2956e-05 0.164448 0.000156988 -1.77558e-06 0.0564168 -8.46592e-05 -6.1907e-16 1.23046e-48 0.194174 3.25756e-23 2.53771e-48 
-10.6537 0.173531 0.000178991 0.000156988 1.20947 2.36274e-05 0.000139378 2.56862e-05 1.28488e-15 -1.70865e-47 0.000159682 1.88943e-24 3.9674e-47 
-3.80452 -0.000109271 0.0407315 -1.77558e-06 2.36274e-05 0.0607029 -5.52088e-05 0.138122 8.41481e-15 -2.19054e-49 -0.00011847 1.70329e-25 -1.55437e-48 
-8.71403 0.00011301 1.03973e-05 0.0564168 0.000139378 -5.52088e-05 0.0677288 -0.000167066 -9.283e-16 -1.99699e-49 0.149664 3.39942e-23 2.2795e-48 
-6.35219 -0.000243221 0.154907 -8.46592e-05 2.56862e-05 0.138122 -0.000167066 0.806296 2.94809e-14 1.21929e-48 -0.000305263 3.89295e-25 -1.85969e-49 
-7.26528e-12 5.06017e-16 4.5001e-15 -6.1907e-16 1.28488e-15 8.41481e-15 -9.283e-16 2.94809e-14 1e-06 -1.02188e-55 -2.62359e-11 -6.87039e-33 -2.07624e-56 
-1.27822e-44 1.4094e-47 4.84401e-50 1.23046e-48 -1.70865e-47 -2.19054e-49 -1.99699e-49 1.21929e-48 -1.02188e-55 1e-06 4.14808e-20 -4.65579e-35 -4.93038e-35 
-13.9287 0.000118037 1.19459e-05 0.194174 0.000159682 -0.00011847 0.149664 -0.000305263 -2.62359e-11 4.14808e-20 0.953977 4.87186e-23 1.87283e-48 
-1.68832e-20 2.16947e-24 1.32228e-27 3.25756e-23 1.88943e-24 1.70329e-25 3.39942e-23 3.89295e-25 -6.87039e-33 -4.65579e-35 4.87186e-23 1e-06 -6.18888e-60 
1.51188e-44 -2.81972e-47 -1.1072e-49 2.53771e-48 3.9674e-47 -1.55437e-48 2.2795e-48 -1.85969e-49 -2.07624e-56 -4.93038e-35 1.87283e-48 -6.18888e-60 1e-06 


0.00261172
13	238.215 -0.934519 -0.0564415 0.033527 -1.11728 0.0214137 -0.0243065 -0.00551162 0.0410676 0.0218062 -0.0848796 -0.143932 -0.0953509 
13 13	3015.12 -40.1277 1.02104 -9.65463 1.74384 1.8927 -2.75542 5.14152 8.82243 -0.222198 -4.19665 -2.02802 -3.85047 
-40.1277 0.692635 0.117651 0.138571 -0.0695237 0.0118961 0.0313959 0.0185156 0.0539791 0.0817817 0.0498539 0.0500691 0.0908395 
1.02104 0.117651 0.253762 -0.0148252 -0.0494646 0.0596454 -0.0255498 0.141214 0.165067 0.0668392 -0.0329973 0.0100627 0.0288363 
-9.65463 0.138571 -0.0148252 0.0476189 -0.0131378 -0.0109647 0.0160851 -0.0203272 -0.0297384 0.00608402 0.0254321 0.00144197 0.0105033 
1.74384 -0.0695237 -0.0494646 -0.0131378 0.57524 0.0214382 -0.0306275 0.0328264 0.119719 0.0439488 -0.0721375 -0.0767698 -0.0575656 
1.8927 0.0118961 0.0596454 -0.0109647 0.0214382 0.0422523 -0.0165938 0.0588043 0.0651318 0.0493016 -0.0283984 -0.0150949 0.00741013 
-2.75542 0.0313959 -0.0255498 0.0160851 -0.0306275 -0.0165938 0.0168177 -0.0301891 -0.0292394 -0.0195761 0.021384 0.0114871 -0.000734379 
5.14152 0.0185156 0.141214 -0.0203272 0.0328264 0.0588043 -0.0301891 0.125485 0.14146 0.0926765 -0.0492562 -0.0258762 0.0155025 
8.82243 0.0539791 0.165067 -0.0297384 0.119719 0.0651318 -0.0292394 0.14146 0.277764 0.120336 -0.0536165 -0.0063932 0.0220064 
-0.222198 0.0817817 0.0668392 0.00608402 0.0439488 0.0493016 -0.0195761 0.0926765 0.120336 0.148328 -0.0426328 -0.0429172 0.0187149 
-4.19665 0.0498539 -0.0329973 0.0254321 -0.0721375 -0.0283984 0.021384 -0.0492562 -0.0536165 -0.0426328 0.0402464 0.0234531 0.00314531 
-2.02802 0.0500691 0.0100627 0.00144197 -0.0767698 -0.0150949 0.0114871 -0.0258762 -0.0063932 -0.0429172 0.0234531 0.0458928 0.0127014 
-3.85047 0.0908395 0.0288363 0.0105033 -0.0575656 0.00741013 -0.000734379 0.0155025 0.0220064 0.0187149 0.00314531 0.0127014 0.0255424 


0.000714286
13	196.235 0.137055 -0.0815148 0.0779278 -0.67864 -0.00756281 0.149094 0.175774 0.24638 0.0861798 0.0414447 -0.158488 -0.474578 
13 13	1459 -3.93216 0.794998 4.46407 1.16901 -1.71764 1.16606 1.38326 3.16853 4.17371 0.95488 4.59556 7.7974 
-3.93216 0.61887 0.267438 -0.146303 -0.192808 0.377952 0.0174998 0.178503 0.200411 0.108749 -0.024475 0.0137365 -0.171468 
0.794998 0.267438 0.244486 0.0235411 0.00558009 0.310747 0.0407813 0.178715 0.20949 0.0787119 0.0175478 0.0266992 -0.0196897 
4.46407 -0.146303 0.0235411 0.123151 0.136935 0.0494404 0.0307308 0.0592378 0.0783485 0.040718 0.0332646 0.0136548 0.110708 
1.16901 -0.192808 0.00558009 0.136935 0.184816 0.0517146 0.0410213 0.0676268 0.100844 0.0476308 0.0478519 0.0163559 0.119766 
-1.71764 0.377952 0.310747 0.0494404 0.0517146 0.482822 0.0741172 0.279667 0.345921 0.166405 0.036273 0.029853 -0.00614854 
1.16606 0.0174998 0.0407813 0.0307308 0.0410213 0.0741172 0.0236061 0.0497417 0.0755027 0.0358175 0.0152296 0.0122237 0.028464 
1.38326 0.178503 0.178715 0.0592378 0.0676268 0.279667 0.0497417 0.184041 0.221605 0.11804 0.0335631 0.0317441 0.0256247 
3.16853 0.200411 0.20949 0.0783485 0.100844 0.345921 0.0755027 0.221605 0.303195 0.150586 0.0485666 0.050376 0.0524291 
4.17371 0.108749 0.0787119 0.040718 0.0476308 0.166405 0.0358175 0.11804 0.150586 0.11612 0.0249256 0.0300031 0.0393462 
0.95488 -0.024475 0.0175478 0.0332646 0.0478519 0.036273 0.0152296 0.0335631 0.0485666 0.0249256 0.0160363 0.0131853 0.0288022 
4.59556 0.0137365 0.0266992 0.0136548 0.0163559 0.029853 0.0122237 0.0317441 0.050376 0.0300031 0.0131853 0.0331378 0.0179817 
7.7974 -0.171468 -0.0196897 0.110708 0.119766 -0.00614854 0.028464 0.0256247 0.0524291 0.0393462 0.0288022 0.0179817 0.126211 


0.0671003
13	616.956 -0.849563 0.000100447 0.00157426 0.0155915 -0.000105197 0.000486556 0.00265863 0.00292803 -1.5841e-17 -0.0033584 0.000266053 -2.46484e-17 
13 13	156234 8.8385 -0.959401 -2.81722 9.37961 -4.03256 -6.51597 -5.93627 -9.98596 -6.33223e-33 -12.719 -9.28117 -1.72485e-22 
8.8385 0.195383 0.000353075 0.00214116 0.0306794 0.000234347 0.000789295 0.000379617 0.00241933 6.37331e-36 0.000617021 0.0034398 -1.36574e-28 
-0.959401 0.000353075 0.00941893 -0.00010183 0.00103 0.00822001 -0.000100292 0.0312151 0.0500745 -2.87925e-36 -9.71747e-05 -0.000140509 -5.40744e-32 
-2.81722 0.00214116 -0.00010183 0.0149951 0.000530988 -9.17812e-05 0.00884003 -0.000271148 -0.000360297 -2.13445e-36 0.032226 0.0500764 3.46506e-26 
9.37961 0.0306794 0.00103 0.000530988 0.52858 0.000438518 -0.000300372 0.00172849 0.00302026 1.09002e-36 -0.00376929 -0.00088421 -7.33804e-28 
-4.03256 0.000234347 0.00822001 -9.17812e-05 0.000438518 0.0147526 -0.000150312 0.0407687 0.0705236 -3.07679e-36 -0.000246498 -0.000365408 5.66318e-32 
-6.51597 0.000789295 -0.000100292 0.00884003 -0.000300372 -0.000150312 0.0185559 -0.000344175 -0.00055538 -1.0331e-38 0.0337504 0.0589014 -2.61932e-31 
-5.93627 0.000379617 0.0312151 -0.000271148 0.00172849 0.0407687 -0.000344175 0.272914 0.349423 -1.33142e-36 -0.00083946 -0.000918579 1.05723e-27 
-9.98596 0.00241933 0.0500745 -0.000360297 0.00302026 0.0705236 -0.00055538 0.349423 0.994573 3.31473e-35 -0.000715157 -0.00321845 2.32731e-26 
-6.33223e-33 6.37331e-36 -2.87925e-36 -2.13445e-36 1.09002e-36 -3.07679e-36 -1.0331e-38 -1.33142e-36 3.31473e-35 1e-06 6.81952e-21 2.63046e-20 -7.07344e-45 
-12.719 0.000617021 -9.71747e-05 0.032226 -0.00376929 -0.000246498 0.0337504 -0.00083946 -0.000715157 6.81952e-21 0.289985 0.338237 1.94699e-25 
-9.28117 0.0034398 -0.000140509 0.0500764 -0.00088421 -0.000365408 0.0589014 -0.000918579 -0.00321845 2.63046e-20 0.338237 1.01592 5.55837e-25 
-1.72485e-22 -1.36574e-28 -5.40744e-32 3.46506e-26 -7.33804e-28 5.66318e-32 -2.61932e-31 1.05723e-27 2.32731e-26 -7.07344e-45 1.94699e-25 5.55837e-25 1e-06 


0.0522173
13	653.243 -0.343783 -0.000284839 -0.00252058 0.135648 0.000720525 -0.00322751 -0.000666016 5.5401e-05 -1.5841e-17 -0.00648067 -0.00136489 -2.46484e-17 
13 13	153719 12.3939 -3.84877 -10.6394 0.912863 -10.3156 -14.5418 -31.2754 -0.676908 -1.17599e-42 -20.9666 -3.55477 -6.83168e-35 
12.3939 0.612581 -0.000350804 -0.00147846 0.157971 -0.00120564 -0.000924185 -0.00246364 2.68724e-05 -3.09461e-45 -0.00155727 -0.000242624 5.12212e-38 
-3.84877 -0.000350804 0.059583 0.000677536 0.000707008 0.056494 -0.000829813 0.156551 0.0140059 2.34541e-45 0.000493592 -0.000163324 -1.92103e-41 
-10.6394 -0.00147846 0.000677536 0.0818655 0.000914123 -0.000252364 0.0603441 0.00220741 -2.23164e-05 -1.36528e-45 0.145582 0.0130319 9.28981e-39 
0.912863 0.157971 0.000707008 0.000914123 0.672714 0.000715883 -0.00185006 -3.78076e-05 0.000451882 -1.4996e-45 0.000172168 0.00032306 1.00028e-37 
-10.3156 -0.00120564 0.056494 -0.000252364 0.000715883 0.0965683 -0.0013431 0.212959 0.0176417 1.61786e-45 -0.000357565 -0.000465536 4.85943e-41 
-14.5418 -0.000924185 -0.000829813 0.0603441 -0.00185006 -0.0013431 0.103956 -0.000343053 -0.000502856 -1.0692e-45 0.157417 0.0131432 -2.17673e-40 
-31.2754 -0.00246364 0.156551 0.00220741 -3.78076e-05 0.212959 -0.000343053 1.08182 0.0863378 1.76233e-45 0.00377816 -0.000329332 -2.40539e-40 
-0.676908 2.68724e-05 0.0140059 -2.23164e-05 0.000451882 0.0176417 -0.000502856 0.0863378 0.012002 2.53524e-45 -0.000278592 -7.50776e-05 -4.297e-39 
-1.17599e-42 -3.09461e-45 2.34541e-45 -1.36528e-45 -1.4996e-45 1.61786e-45 -1.0692e-45 1.76233e-45 2.53524e-45 1e-06 1.79193e-25 -9.42769e-26 -4.07364e-43 
-20.9666 -0.00155727 0.000493592 0.145582 0.000172168 -0.000357565 0.157417 0.00377816 -0.000278592 1.79193e-25 0.812934 0.0727739 5.27149e-38 
-3.55477 -0.000242624 -0.000163324 0.0130319 0.00032306 -0.000465536 0.0131432 -0.000329332 -7.50776e-05 -9.42769e-26 0.0727739 0.0120199 1.51651e-37 
-6.83168e-35 5.12212e-38 -1.92103e-41 9.28981e-39 1.00028e-37 4.85943e-41 -2.17673e-40 -2.40539e-40 -4.297e-39 -4.07364e-43 5.27149e-38 1.51651e-37 1e-06 


0.00719626
13	959.294 -0.516866 0.10784 -0.0864586 -0.513027 0.00917039 -0.0176154 0.0135674 0.00809923 0.0172957 0.0106935 0.0499293 0.0505256 
13 13	80.006 -6.04012 2.65307 0.297404 -0.857701 1.25693 0.138292 1.60341 1.34248 0.715018 0.189448 0.113277 0.102101 
-6.04012 0.459822 -0.202063 -0.0356895 0.065295 -0.0957233 -0.013158 -0.122079 -0.102142 -0.054338 -0.0128465 -0.00113792 -1.80872e-05 
2.65307 -0.202063 1.52431 -0.0275421 -0.0286931 0.45872 -0.0102756 0.566749 0.275517 0.0473983 -0.0292669 -0.0241532 -0.0185439 
0.297404 -0.0356895 -0.0275421 0.113468 -0.00506793 -0.0238565 0.0140516 -0.0268438 -0.0156247 -0.00131016 -0.0162257 -0.0524504 -0.0195655 
-0.857701 0.065295 -0.0286931 -0.00506793 0.00927293 -0.0135928 -0.00186845 -0.0173352 -0.0145042 -0.00771602 -0.00182422 -0.000161585 -2.56839e-06 
1.25693 -0.0957233 0.45872 -0.0238565 -0.0135928 0.437836 -0.0139529 0.244802 0.175285 0.0739008 -0.00630135 -0.00130166 -0.00426741 
0.138292 -0.013158 -0.0102756 0.0140516 -0.00186845 -0.0139529 0.0242014 -0.00952168 -0.00925472 -0.00234748 0.0119395 -0.00465657 -0.0167704 
1.60341 -0.122079 0.566749 -0.0268438 -0.0173352 0.244802 -0.00952168 0.321637 0.233317 0.110907 -0.0117703 -0.00376366 -0.00285167 
1.34248 -0.102142 0.275517 -0.0156247 -0.0145042 0.175285 -0.00925472 0.233317 0.27301 0.143817 -0.00860259 -0.00502633 -0.00162742 
0.715018 -0.054338 0.0473983 -0.00131016 -0.00771602 0.0739008 -0.00234748 0.110907 0.143817 0.139015 -0.00454504 -0.0035385 -0.00334029 
0.189448 -0.0128465 -0.0292669 -0.0162257 -0.00182422 -0.00630135 0.0119395 -0.0117703 -0.00860259 -0.00454504 0.0329225 0.0112431 -0.0148102 
0.113277 -0.00113792 -0.0241532 -0.0524504 -0.000161585 -0.00130166 -0.00465657 -0.00376366 -0.00502633 -0.0035385 0.0112431 0.0448067 0.00824314 
0.102101 -1.80872e-05 -0.0185439 -0.0195655 -2.56839e-06 -0.00426741 -0.0167704 -0.00285167 -0.00162742 -0.00334029 -0.0148102 0.00824314 0.0443496 


0.126458
13	684.704 0.00891877 2.29429e-05 2.51808e-06 0.106526 3.89653e-12 8.25927e-12 -1.6294e-06 1.23226e-06 -1.5841e-17 -3.25717e-05 -2.46228e-06 -2.46485e-17 
13 13	155163 0.272565 0.764919 -3.09373 0.0712308 4.49604e-09 6.77313e-09 -7.7922 -12.7599 -4.54632e-34 -9.98567 -17.4092 -2.1179e-19 
0.272565 0.913719 -1.8481e-06 -4.23332e-06 0.273045 1.82834e-12 3.87544e-12 -1.14576e-06 -3.66267e-06 3.32906e-38 3.5554e-05 -1.10504e-06 1.90054e-22 
0.764919 -1.8481e-06 0.0216646 -9.63389e-07 -5.64334e-06 -5.40447e-12 4.7428e-13 0.0236615 0.0479674 2.36768e-37 -7.76887e-06 2.11865e-10 3.92058e-27 
-3.09373 -4.23332e-06 -9.63389e-07 0.055593 -1.08565e-05 7.93061e-13 -2.17146e-11 -3.58605e-06 -6.98081e-08 4.59757e-38 0.0450013 0.0656511 4.78491e-23 
0.0712308 0.273045 -5.64334e-06 -1.08565e-05 1.05058 -6.45338e-12 -1.36789e-11 9.0139e-07 -1.28578e-07 4.7931e-38 3.31072e-05 5.2396e-06 2.4847e-22 
4.49604e-09 1.82834e-12 -5.40447e-12 7.93061e-13 -6.45338e-12 1e-06 -2.69377e-11 1.1277e-07 4.04245e-08 2.37905e-43 -1.13179e-08 -1.68195e-09 2.40279e-29 
6.77313e-09 3.87544e-12 4.7428e-13 -2.17146e-11 -1.36789e-11 -2.69377e-11 1e-06 6.94685e-10 1.17323e-09 7.7543e-44 2.13189e-07 5.49067e-08 6.39054e-29 
-7.7922 -1.14576e-06 0.0236615 -3.58605e-06 9.0139e-07 1.1277e-07 6.94685e-10 0.298914 0.207475 6.94277e-37 3.18571e-05 7.63363e-08 2.88852e-24 
-12.7599 -3.66267e-06 0.0479674 -6.98081e-08 -1.28578e-07 4.04245e-08 1.17323e-09 0.207475 0.735006 1.89639e-36 3.60845e-07 -1.74671e-06 6.35104e-23 
-4.54632e-34 3.32906e-38 2.36768e-37 4.59757e-38 4.7931e-38 2.37905e-43 7.7543e-44 6.94277e-37 1.89639e-36 1e-06 -3.44928e-22 -6.36374e-22 -4.35438e-42 
-9.98567 3.5554e-05 -7.76887e-06 0.0450013 3.31072e-05 -1.13179e-08 2.13189e-07 3.18571e-05 3.60845e-07 -3.44928e-22 0.28701 0.184498 2.68843e-22 
-17.4092 -1.10504e-06 2.11865e-10 0.0656511 5.2396e-06 -1.68195e-09 5.49067e-08 7.63363e-08 -1.74671e-06 -6.36374e-22 0.184498 0.765001 7.67531e-22 
-2.1179e-19 1.90054e-22 3.92058e-27 4.78491e-23 2.4847e-22 2.40279e-29 6.39054e-29 2.88852e-24 6.35104e-23 -4.35438e-42 2.68843e-22 7.67531e-22 1e-06 


0.00636988
13	1076.85 -0.220331 -0.0996783 0.0822172 0.618465 -0.0790138 0.0328597 -0.0666339 -0.00198572 -1.5841e-17 0.136456 0.0397985 -2.46484e-17 
13 13	12936.6 -78.4139 -8.28768 8.73108 -43.231 -5.37379 1.63698 -13.3342 -5.91099 9.12091e-23 9.5315 3.45463 5.31e-30 
-78.4139 0.712668 0.0945602 -0.115574 0.495012 0.0138225 -0.0351767 0.0527924 0.0365331 -1.25136e-24 -0.0732475 -0.0284683 3.8813e-32 
-8.28768 0.0945602 0.550052 0.0950205 0.0794775 0.31658 0.0154376 0.454655 0.243423 7.28805e-24 0.000678195 -0.0221698 -4.3818e-33 
8.73108 -0.115574 0.0950205 0.444352 -0.101449 0.0163301 0.210727 -0.0176084 -0.0508753 4.77235e-24 0.181072 0.0655482 5.34054e-33 
-43.231 0.495012 0.0794775 -0.101449 0.434119 0.0234566 -0.0457846 0.0372461 0.0322656 -1.09403e-24 -0.049845 -0.0189508 8.64224e-32 
-5.37379 0.0138225 0.31658 0.0163301 0.0234566 0.645056 -0.0442581 0.563323 0.222795 5.04086e-24 -0.0256627 -0.0100859 -3.4734e-33 
1.63698 -0.0351767 0.0154376 0.210727 -0.0457846 -0.0442581 0.612389 -0.0525437 -0.0286617 3.78095e-24 0.3066 0.0537492 1.44449e-33 
-13.3342 0.0527924 0.454655 -0.0176084 0.0372461 0.563323 -0.0525437 1.1127 0.52935 5.46038e-24 -0.122056 -0.0574941 -3.26699e-33 
-5.91099 0.0365331 0.243423 -0.0508753 0.0322656 0.222795 -0.0286617 0.52935 0.719375 7.75697e-24 -0.0858606 -0.207566 -7.51386e-33 
9.12091e-23 -1.25136e-24 7.28805e-24 4.77235e-24 -1.09403e-24 5.04086e-24 3.78095e-24 5.46038e-24 7.75697e-24 1e-06 9.42072e-15 1.33422e-14 1.27508e-45 
9.5315 -0.0732475 0.000678195 0.181072 -0.049845 -0.0256627 0.3066 -0.122056 -0.0858606 9.42072e-15 0.558926 0.188724 1.56982e-32 
3.45463 -0.0284683 -0.0221698 0.0655482 -0.0189508 -0.0100859 0.0537492 -0.0574941 -0.207566 1.33422e-14 0.188724 0.178777 2.94411e-32 
5.31e-30 3.8813e-32 -4.3818e-33 5.34054e-33 8.64224e-32 -3.4734e-33 1.44449e-33 -3.26699e-33 -7.51386e-33 1.27508e-45 1.56982e-32 2.94411e-32 1e-06 


0.110924
13	676.783 0.176592 8.13e-06 0.000315902 -0.0343236 4.33014e-06 0.000126612 -1.07705e-11 -1.5841e-17 -1.5841e-17 -2.46479e-17 -2.46484e-17 -2.46484e-17 
13 13	152856 1.524 -28.3159 -32.6967 -3.03415 1.55887 -2.77245 -8.17144e-08 -9.35359e-44 -9.35359e-44 -5.19967e-17 -9.46927e-44 -9.46927e-44 
1.524 1.03882 8.82203e-05 2.22828e-05 0.142364 2.61615e-05 -2.79931e-05 -2.11233e-12 -1.76199e-47 -1.76199e-47 -6.37849e-22 -1.92336e-47 -1.92336e-47 
-28.3159 8.82203e-05 3.76912 7.03207e-05 6.40581e-05 0.102499 1.71368e-05 5.63253e-10 6.00473e-48 6.00473e-48 3.96745e-21 1.22594e-47 1.22594e-47 
-32.6967 2.22828e-05 7.03207e-05 4.02054 7.54518e-05 1.14779e-05 0.123067 -4.84513e-11 -6.03505e-48 -6.03505e-48 4.44387e-19 -8.36152e-48 -8.36152e-48 
-3.03415 0.142364 6.40581e-05 7.54518e-05 1.12372 1.52065e-05 -3.07478e-05 -2.35951e-12 8.14509e-48 8.14509e-48 -6.54456e-22 5.74152e-48 5.74152e-48 
1.55887 2.61615e-05 0.102499 1.14779e-05 1.52065e-05 0.0128051 1.24638e-06 5.84617e-12 2.42599e-49 2.42599e-49 -2.15805e-27 1.31703e-49 1.31703e-49 
-2.77245 -2.79931e-05 1.71368e-05 0.123067 -3.07478e-05 1.24638e-06 0.0210197 1.36366e-15 -9.00339e-49 -9.00339e-49 5.76394e-21 -1.00658e-48 -1.00658e-48 
-8.17144e-08 -2.11233e-12 5.63253e-10 -4.84513e-11 -2.35951e-12 5.84617e-12 1.36366e-15 1e-06 -7.63816e-53 -7.63816e-53 -1.11722e-26 -8.06555e-53 -8.06555e-53 
-9.35359e-44 -1.76199e-47 6.00473e-48 -6.03505e-48 8.14509e-48 2.42599e-49 -9.00339e-49 -7.63816e-53 1e-06 4.93038e-35 4.49974e-35 5.23853e-35 5.23853e-35 
-9.35359e-44 -1.76199e-47 6.00473e-48 -6.03505e-48 8.14509e-48 2.42599e-49 -9.00339e-49 -7.63816e-53 4.93038e-35 1e-06 2.24853e-63 2.58279e-63 2.58279e-63 
-5.19967e-17 -6.37849e-22 3.96745e-21 4.44387e-19 -6.54456e-22 -2.15805e-27 5.76394e-21 -1.11722e-26 4.49974e-35 2.24853e-63 1e-06 1.09579e-58 1.09579e-58 
-9.46927e-44 -1.92336e-47 1.22594e-47 -8.36152e-48 5.74152e-48 1.31703e-49 -1.00658e-48 -8.06555e-53 5.23853e-35 2.58279e-63 1.09579e-58 1e-06 2.74422e-63 
-9.46927e-44 -1.92336e-47 1.22594e-47 -8.36152e-48 5.74152e-48 1.31703e-49 -1.00658e-48 -8.06555e-53 5.23853e-35 2.58279e-63 1.09579e-58 2.74422e-63 1e-06 


0.00609577
13	1165.08 -1.38469 -0.000374056 0.0264731 -1.43756 -0.0110168 0.0150501 -0.0236005 -0.0392757 -0.0482139 0.0409835 0.0615929 0.0389721 
13 13	72.6959 -0.420888 0.291203 0.109308 -6.55858 0.281797 -0.0790621 0.569696 0.8244 0.861441 -0.240349 -0.430466 -0.214819 
-0.420888 0.00245963 -0.00159622 -0.000313215 0.0383277 -0.00159051 0.000666927 -0.0032561 -0.00478578 -0.00509488 0.00192868 0.00322073 0.00165388 
0.291203 -0.00159622 0.0349195 0.0139093 -0.0248735 0.0263535 0.0127862 0.0422415 0.0457923 0.0264559 0.0222764 0.0118642 0.00235213 
0.109308 -0.000313215 0.0139093 0.0154549 -0.00488074 0.00930975 0.0114894 0.0138361 0.0154563 0.0038481 0.0215198 0.0102191 0.00304953 
-6.55858 0.0383277 -0.0248735 -0.00488074 0.597251 -0.0247844 0.0103925 -0.050739 -0.0745755 -0.0793921 0.0300541 0.0501877 0.0257719 
0.281797 -0.00159051 0.0263535 0.00930975 -0.0247844 0.0259809 0.0099945 0.0377052 0.0439197 0.0331837 0.0177063 0.0125487 0.00380256 
-0.0790621 0.000666927 0.0127862 0.0114894 0.0103925 0.0099945 0.0152217 0.0144584 0.0169028 0.00782368 0.0250788 0.0153842 0.00500326 
0.569696 -0.0032561 0.0422415 0.0138361 -0.050739 0.0377052 0.0144584 0.0652983 0.0788137 0.0660234 0.0283779 0.0216426 0.00647564 
0.8244 -0.00478578 0.0457923 0.0154563 -0.0745755 0.0439197 0.0169028 0.0788137 0.114589 0.0960106 0.0341506 0.0301319 0.00763677 
0.861441 -0.00509488 0.0264559 0.0038481 -0.0793921 0.0331837 0.00782368 0.0660234 0.0960106 0.109225 0.0203469 0.0251293 0.0071437 
-0.240349 0.00192868 0.0222764 0.0215198 0.0300541 0.0177063 0.0250788 0.0283779 0.0341506 0.0203469 0.0533788 0.0435458 0.015943 
-0.430466 0.00322073 0.0118642 0.0102191 0.0501877 0.0125487 0.0153842 0.0216426 0.0301319 0.0251293 0.0435458 0.0724358 0.0318867 
-0.214819 0.00165388 0.00235213 0.00304953 0.0257719 0.00380256 0.00500326 0.00647564 0.00763677 0.0071437 0.015943 0.0318867 0.0192941 


0.00701606
13	599.096 -0.554218 -0.00788974 -0.0396454 -0.171286 -0.00254302 -0.00099793 -0.00282267 0.00282194 -0.00882206 -0.00673664 -0.00435448 -0.0310846 
13 13	94508.5 69.3344 -3.74822 -5.28997 -8.17613 -2.97842 -7.63475 -7.71742 2.29821 13.35 1.50453 28.7441 0.48952 
69.3344 0.692685 -0.0141281 -0.0749086 -0.423898 -0.00602621 -0.0058853 -0.00135186 -0.0111829 -0.0104646 -0.0154728 -0.0148306 -0.0533034 
-3.74822 -0.0141281 0.0168654 -0.0018879 0.0125826 0.00981921 -0.000961393 0.0174529 0.0564878 0.0228093 -7.48841e-05 -0.000908155 -0.000197094 
-5.28997 -0.0749086 -0.0018879 0.0348492 0.0641873 -0.00141562 0.00789847 -6.38972e-05 -0.000432727 -0.00200748 0.0112708 0.0341629 0.0217592 
-8.17613 -0.423898 0.0125826 0.0641873 0.447228 0.00529463 0.00435459 0.00371869 0.0109287 0.0121817 0.01298 0.0140616 0.046523 
-2.97842 -0.00602621 0.00981921 -0.00141562 0.00529463 0.0156927 -0.000517562 0.0261094 0.0873646 0.0228691 -0.000567794 -0.00289469 -0.00141234 
-7.63475 -0.0058853 -0.000961393 0.00789847 0.00435459 -0.000517562 0.0112199 8.16323e-07 0.000723105 -0.000369764 0.00539868 0.0124607 0.00378131 
-7.71742 -0.00135186 0.0174529 -6.38972e-05 0.00371869 0.0261094 8.16323e-07 0.0700444 0.241418 0.0725499 -0.00186409 -0.00955407 -0.00218404 
2.29821 -0.0111829 0.0564878 -0.000432727 0.0109287 0.0873646 0.000723105 0.241418 1.06566 0.298056 -0.00819724 -0.0477347 -0.0143645 
13.35 -0.0104646 0.0228093 -0.00200748 0.0121817 0.0228691 -0.000369764 0.0725499 0.298056 0.457288 -0.00283912 -0.014695 -0.00439345 
1.50453 -0.0154728 -7.48841e-05 0.0112708 0.01298 -0.000567794 0.00539868 -0.00186409 -0.00819724 -0.00283912 0.012618 0.0401401 0.0118718 
28.7441 -0.0148306 -0.000908155 0.0341629 0.0140616 -0.00289469 0.0124607 -0.00955407 -0.0477347 -0.014695 0.0401401 0.223317 0.0437783 
0.48952 -0.0533034 -0.000197094 0.0217592 0.046523 -0.00141234 0.00378131 -0.00218404 -0.0143645 -0.00439345 0.0118718 0.0437783 0.0476933 

