50	0.00643198 0.0505595 0.00375391 0.00236484 0.0365563 0.0157333 2.60935e-06 0.0203972 0 0.0765935 0 0.0240976 3.58184e-89 0.0556196 0.00383177 3.25717e-24 0.00381192 0 0.00580693 0.00757258 0.000795147 0.0570918 0 0 0.00361935 0.00822848 0.0535081 0.0166724 0.0160619 0.00724641 0 0.0717804 0 0.011172 0.0689367 0.0110854 0.00402392 0.0681337 0.00684953 0 0.0449519 0.0303276 0.00378942 0.00293487 6.15979e-296 0.127646 0.0610335 0 0.00962527 0.0013525 

50 50	0.981197 1.2128e-190 0 0 0.0361582 4.75563e-229 0 9.53656e-251 0 5.55573e-180 0 0 0 8.92579e-193 0 0 0 0 0 0 0 2.20226e-218 0 0 0 0 1.00903e-203 6.76601e-253 1.34344e-287 0 0 1.58198e-207 0 5.16813e-269 1.59126e-202 0 0 1.47931e-183 0 0 7.186e-206 1.88082e-273 0 0 0 3.41026e-188 0.00835373 0 6.07333e-316 0 
0 0.886733 0 0 1.21756e-202 3.82967e-227 0 7.5544e-249 0 4.40155e-178 0 0 0 7.07058e-191 0 0 0 0 0 0 0 1.49092e-216 0 0 0 0 4.21145e-192 3.93317e-250 1.06757e-285 0 0 7.05369e-204 0 0 1.27864e-200 0 0 1.17185e-181 0 0 5.69241e-204 1.4899e-271 0 0 0 4.99894e-175 3.63578e-194 0 4.10455e-314 0 
0 8.18844e-191 0.957426 0 2.76314e-202 9.33326e-231 0 1.87162e-252 0 0.0488559 0 0 0 1.75175e-194 0 0 0 0 0 0 0 2.79369e-217 0 0 0 0 1.11858e-204 1.32788e-254 4.29753e-281 0 0 3.26541e-209 0 0 1.23494e-202 0 0 1.02225e-126 0 0 1.65793e-200 5.69531e-275 0 0 0 0.00871124 0.0594942 0 0 0 
0 2.73456e-192 0 0.991491 6.09435e-207 1.07227e-230 0 2.15025e-252 0 1.29744e-181 0 0 0 2.01254e-194 0 0 0 0 0 0 0 4.13859e-209 0 0 0 0 2.2751e-205 1.52556e-254 3.02911e-289 0 0 3.62319e-209 0 0 3.63099e-204 0 0 2.36613e-182 0 0 1.62026e-207 0.0118085 0 0 0 0.00881078 2.31621e-199 0 0.0210169 0 
0 1.53027e-189 0 0 0.86781 5.52655e-229 0 1.10825e-250 0 4.52205e-179 0 0 0 1.03727e-192 0 0 0 0 0 0 0 2.06409e-208 0 0 0 0 1.21823e-203 7.86282e-253 1.56122e-287 0 0 1.9792e-207 0 0 1.84974e-202 0 0 1.71944e-183 0 0 8.3509e-206 3.09328e-29 0 0 0 6.12545e-186 0.025449 0 0 0 
0 0.0212697 0 0 4.05651e-197 0.881459 0 3.80911e-242 0 2.21908e-171 0 0 0 3.56682e-184 0 0 0 0 0 0 0 7.51757e-210 0 0 1.36682e-309 0 9.4316e-162 9.48361e-243 5.36598e-279 0 0 6.67357e-192 0 0 1.16937e-193 2.30295e-311 0 5.90869e-175 0 0 2.87024e-197 7.5124e-265 0 0 0 1.30772e-179 4.09406e-189 0 2.1123e-307 0 
0 1.62259e-195 0.00938016 0 3.34781e-123 5.72149e-234 1 1.14734e-255 0 6.77225e-185 0 0 0 1.07386e-197 0 0 0 0 0 0 0 2.26482e-223 0 0 0 0 1.25441e-208 8.14018e-258 3.85363e-288 0 0 1.90327e-212 0 7.63117e-313 2.18285e-207 2.22093e-291 0 2.00258e-188 0 0 8.64555e-211 2.26283e-278 0 0 0 0.0252066 0.0258898 0 0 0 
0 6.64918e-188 0 0 5.56801e-203 2.60727e-226 0 0.927787 0 3.04593e-177 0 0 0 0.0189542 0 0 0 0 0 0 0 1.03187e-215 0 0 8.45086e-316 0 5.53204e-201 3.70946e-250 7.36539e-285 0 0 8.67569e-205 0 0 1.25533e-199 0 0 8.11033e-181 0 0 3.94086e-203 1.03116e-270 0 0 0 1.79498e-185 5.61947e-195 0 2.89996e-313 0 
0 0 0 0 0 0 0 0.0350394 1 0 0 0 0 0 0 0 0 0 0 0 0.0545682 0 0 0 0 0 0 0 0 0 0 0 0 0 1.05428e-132 0 0.0200534 0 0 0 0 0 0 0 0 0 0 0 0 0 
0 3.40232e-190 0 0 2.84887e-205 1.334e-228 0 2.6751e-250 0 0.869763 0 0 0 2.73705e-192 0 0 0 0 0 0 0 5.99749e-215 0 0 0 0 2.75667e-202 1.89793e-252 2.89885e-286 0 0 4.44982e-207 0 0 4.46407e-202 0 0 2.24297e-167 0 0 4.4292e-202 5.43205e-273 0 0 0 9.19211e-188 2.1298e-191 0 1.80298e-316 0 
0 0 0 0 0 0 0 0 0 0 1 0 0 0 0 0 0 0 0 0 0 0 0 0 0 0 0 0 0 0 0.0231652 0 0 0 0 0 0 0 0 0 0 0 0 0.0207516 0 0 0 0 0 0 
0 1.08387e-189 0 0 0.0720212 4.25009e-228 0 8.52278e-250 0 5.03912e-179 0 0.97968 0 7.97694e-192 0 0 0 0 0 0 0 0.027481 0 0 0 0 9.01763e-203 6.04676e-252 1.20062e-286 0 0 1.4138e-206 0 0 1.42251e-201 0 0 1.32206e-182 0 0 6.4221e-205 0.00590734 0 0 0 3.42396e-187 1.73275e-82 0 2.06904e-315 0 
0 4.59581e-298 0 0 1.21108e-312 0 0 0 0 2.77638e-245 0 0 0.994837 2.86767e-291 0 0 0 0 0 0 0 3.15022e-295 0 0 0 0 3.54383e-311 0 0 0 0 1.95743e-312 0 0 4.57026e-259 0 0 0.00811832 0 0 0.0190813 0 0 0 0 0.0336289 1.13236e-259 0 1.84039e-310 0 
0 1.9531e-189 0 0 1.63552e-204 7.67092e-228 0 4.55716e-249 0 9.68684e-179 0 0 0 0.869462 0 0 0 0 0 0 0 3.058e-217 0 0 0 0 1.62496e-202 1.0896e-251 2.16348e-286 0 0 3.66939e-203 0 0 7.83908e-152 0 0 9.0531e-182 0 0 0.019612 3.02889e-272 0 0 0 5.27251e-187 1.65154e-196 0 6.89083e-315 0 
0 4.89281e-192 0 0 1.5184e-206 1.50746e-230 0 3.02293e-252 0 7.41134e-181 0 0 0.00516276 4.61378e-194 0.992956 0 0 0 0 0 0 1.24907e-219 0 0 0 0 1.14149e-204 2.14471e-254 4.31019e-287 0 0 1.63253e-188 0 0 7.93131e-144 0 0 0.00851984 0 0 0.0299156 9.95578e-275 0 0 0 0.0175578 7.28169e-186 0 0 0 
0 3.5601e-216 0 0 2.98167e-231 1.39601e-254 0 2.79939e-276 0 1.70127e-205 0 0 0 0.0548916 0.00704417 1 0 0 0 0 0 6.11241e-244 0 0 0 0 7.35565e-229 1.98611e-278 3.94336e-313 0 0 0.00586542 0 0 0.0258878 0 0.00681101 6.01843e-205 0 0 3.4062e-53 5.52179e-299 0 0 0 8.62502e-212 3.26448e-223 0 0 0 
0 1.24316e-192 0 0 1.04102e-207 5.22227e-231 0 0.0123913 0 5.69479e-182 0 0 0 1.01886e-194 0 0 1 0 0 0 0.0182212 1.92922e-220 0 0 0 0 1.03818e-205 6.93537e-255 1.37706e-289 0.00969064 0 1.39756e-194 0 0 1.6459e-204 0 3.73868e-245 1.51634e-185 0 0 7.36591e-208 1.9279e-275 0 0 0 3.35596e-190 1.05064e-199 0 0 0 
0.0188029 0 0 0 0 0 0 0 0 0 0 0 0 0 0 0 0 1 0 0 0 0 0 0 0 0 0 0 0 0 0 0 0 0.0171107 0 0 0 0 0 0 0 0 0 0 0 0 0 0 0 0 
0 0.0313223 0 0 2.54021e-207 1.18948e-230 0 2.38528e-252 0 5.45411e-181 0 0 0 2.23252e-194 0 0 0 0 0.979364 0 0 4.70755e-220 0 0 6.67899e-291 0 0.0171832 3.72811e-254 4.89563e-289 0 0 4.2048e-209 0 0 3.98006e-204 0.00977804 0 3.70104e-185 0 0 1.81396e-207 4.70431e-275 0 0 0 1.10506e-189 3.08438e-199 0 0 0 
0 1.42883e-192 0.0284411 0 0.0119788 5.59849e-231 0 1.12268e-252 0 2.01811e-180 0 0 0 1.05077e-194 0 0 0 0 0 1 0 5.13471e-218 0 0 0 0 1.18786e-205 7.96518e-255 1.58934e-289 0 0 1.86236e-209 0 0 1.9182e-204 0 0 1.74155e-185 0 0 2.05294e-207 0.00590197 0 0 0 9.19646e-146 3.17518e-197 0 0 0 
0 8.6487e-188 0 0 7.24215e-203 9.15812e-225 0 8.73137e-246 0 3.96182e-177 0 0 0 0.0566921 0 0 0 0 0 0 0.89993 1.34213e-215 0 0 1.35133e-315 0 6.11062e-200 4.8248e-250 9.57996e-285 0 0 0.0241492 0 0 0.0274565 0 3.2402e-171 1.35446e-180 0 0 5.4496e-203 1.3412e-270 0 0 0 2.33478e-185 7.31014e-195 0 3.7676e-313 0 
0 9.19597e-190 0 0 4.5922e-204 3.60592e-228 0 7.23103e-250 0 0.073269 0 0 0 6.91984e-192 0 0 0 0 0 0 0 0.852603 0 0 0 0 7.6555e-203 5.13028e-252 1.41992e-286 0 0 1.19952e-206 0 0 1.21876e-201 0 0 3.30496e-94 0 0 6.05537e-205 3.03212e-243 0 0 0 5.75187e-187 1.35234e-36 0 1.27331e-314 0 
0 0 0 2.14524e-252 0 0 0 0 0 0 0 0 0 0 0 0 0 0 0 0 0 4.89092e-241 1 0 0 0 0 0 0 0 0 0 0 0 0 0 0 0 0 0 0 0.0678985 0 0 0 0 0 6.5751e-184 0 0 
0 0 0 0 0 0 0 0 0 0 0 0 0 0 0 1.38511e-94 0 0 0 0 0 0 0 1 0 0 0 0 0 0 0 0.0108711 0 0 0 0 0 0 0 0 0.0177596 0 0 0 1.13731e-243 0 0 0 0 0 
0 0.0104832 0 0 2.76223e-207 1.28946e-230 0 2.58577e-252 0 1.51259e-181 0 0 0 2.42016e-194 0 0 0 0 5.99872e-311 0 0 5.10321e-220 0 0 1 0 1.10222e-200 1.85716e-254 1.38903e-287 0 0 2.18896e-206 0 0 3.9578e-203 2.66761e-319 0 4.01106e-185 0 0 1.94843e-207 5.0997e-275 0 0 0 2.64134e-187 2.80705e-199 0 1.43349e-317 0 
0 4.10944e-192 0 0 3.43341e-207 2.29502e-230 0 3.24494e-252 0 1.87823e-181 0 0 0 3.02465e-194 0 0 0 0 0 0 0 6.36284e-220 0 0 0 1 1.50259e-184 4.36958e-252 4.58593e-289 0.00969067 0 1.36929e-176 0 0 5.3801e-204 0 0 5.00154e-185 0 0 2.44463e-207 6.35846e-275 0 0 0.0293873 1.10684e-189 3.46652e-199 0 0 0 
0 1.14776e-181 0 0 2.08643e-202 1.40049e-225 0 1.95539e-247 0 3.64972e-176 0 0 0 1.83015e-189 0 0 0 0 0 0 0 3.85914e-215 0 0 1.13477e-315 0 0.90103 1.39357e-249 2.78389e-284 0 0 1.37889e-183 0 0 3.26273e-199 0 0 4.94893e-179 0 0 1.68602e-202 3.85664e-270 0 0 0 6.71799e-185 1.2934e-193 0 1.0749e-312 0 
0 0.0106108 0 0 4.74398e-206 2.55543e-229 0 4.45465e-251 0 2.59515e-180 0 0 0 4.16935e-193 0 0 0 0 0 0 0 8.79159e-219 0 0 0 0 4.72271e-204 0.961252 6.27536e-288 0 0 7.39095e-208 0 0 7.43533e-203 0 0 6.91005e-184 0 0 3.35667e-206 8.78555e-274 0 0 0 1.53015e-188 4.78782e-198 0 0 0 
0 4.77154e-191 0.00475295 0 1.41692e-206 6.62748e-230 0 1.32902e-251 0 8.32247e-176 0 0 0 1.24391e-193 0 0 0 0 0.0102811 0 0 3.68013e-219 0 0 0 0 1.1484e-203 9.42916e-254 1 0 0 3.18219e-208 0 0 2.23453e-203 3.53403e-280 0 2.82837e-183 0 0 0.0098301 2.71441e-274 0 0 0 1.04319e-187 2.42166e-190 0 0 0 
0 5.38792e-192 0 0 4.51182e-207 0.0210539 0 1.24269e-250 0 2.46815e-181 0 0 0 1.79084e-191 0 0 0 0 0 0 0 8.36135e-220 0 0 0 0 1.05162e-196 3.00582e-254 5.96826e-289 0.980619 0 0.0119996 0 0 2.22388e-203 0 0 6.57432e-185 0 0 3.23518e-207 8.35561e-275 0 0 0 1.45449e-189 4.55386e-199 0 0 0 
0 0 0 0 0 0.0974871 0 0 0 0 0 0 0 0 0 0 0 0 0 0 0 0 0 0 0 0 0.0153495 0 0 0 0.976835 0 0 0 0 0 0 0 0 0 0 0 0 0 0 0 0 0 0 0 
0 8.32071e-134 0 0 3.37074e-202 3.98835e-225 0 2.87611e-247 0 1.67554e-176 0 0 0 2.97017e-189 0 0 0 0 0 0 0 5.67618e-215 0 0 9.97931e-316 0 1.41652e-155 2.04096e-249 4.07573e-284 0 0 0.90597 0 0 2.40668e-192 0 0 5.80405e-180 0 0 2.84071e-202 5.67227e-270 0 0 0 1.78927e-184 3.27687e-194 0 1.59649e-312 0 
0 0 0 0 0 0 0 0 0 0 0 0.0203198 0 0 0 0 0 0 0 0 0 0 0 0 0 0 0 0 0 0 0 0 0.987176 0 0 0 0 0 0 0 0 0 0 0 0 0 0 0 0 0 
0 2.11663e-190 0 0 1.87449e-205 8.29928e-229 0 1.66427e-250 0 3.52926e-179 0 0 0 1.55768e-192 0 0 0 0 0 0 0 3.41135e-218 0 0 0 0 1.76109e-203 1.18077e-252 2.35019e-287 0 0 2.76078e-207 0 0.982889 2.77698e-202 0.0195493 0 2.58162e-183 0 0 1.25427e-205 3.28268e-273 0 0 0 1.52738e-187 0.0169239 0 0 0 
0 3.98201e-189 0 0 2.56775e-204 1.32828e-227 0 3.52853e-247 0 1.40244e-178 0 0 0 2.97379e-183 0 0 0 0 0 0 0 4.77638e-217 0 0 0 0 2.54671e-202 1.70819e-251 3.39954e-286 0 0 4.46184e-193 0 0 0.900571 0 0 4.87213e-182 0 0 3.45001e-199 4.74736e-272 0 0 0 1.35207e-119 2.58729e-196 0 4.60141e-314 0 
0 1.95715e-169 0 0 7.07615e-207 3.31327e-230 0 6.64417e-252 0 0.00811184 0 0 0 6.21865e-194 0 0 0 0 0.0103547 0 0 1.31317e-219 0 0 0 0 0.00847365 4.71399e-254 1.312e-118 0 0 1.10225e-208 0 0 1.10867e-203 0.970673 0 1.03068e-184 0 0 5.20208e-207 1.31038e-274 0 0 0 0.00435671 7.88608e-199 0 0 0 
0 7.21256e-191 0 0 6.03978e-206 2.86613e-229 0 7.57252e-251 0 3.30433e-180 0 0 0 6.27096e-86 0 0 0 0 0 0 0.0272805 1.11932e-218 0 0 0 0 6.00096e-204 4.02376e-253 7.98945e-288 0 0 0.0194197 0 0 0.0268244 0 0.966401 6.70391e-183 0 0 4.35982e-206 1.11853e-273 0 0 0 1.96381e-188 6.09735e-198 0 0 0 
0 2.59058e-187 0 0 2.16936e-202 1.01581e-225 0 2.03703e-247 0 6.76866e-174 0 0 0 1.21045e-188 0 0 0 0 0 0 0 2.00785e-212 0 0 0 0 3.31376e-199 1.44524e-249 3.09584e-284 0 0 9.00421e-204 0 0 8.80959e-58 0 0 0.861424 0 0 1.43514e-196 5.37923e-270 0 0 0 0.00878979 2.86678e-191 0 2.27273e-270 0 
0 3.03494e-192 0 0 2.54145e-207 1.19006e-230 0 0.0247825 0 1.39028e-181 0 0 0 3.71295e-193 0 0 0 0 0 0 0 4.70984e-220 0 0 0 0 2.52501e-205 1.69314e-254 3.36184e-289 0 0 4.25745e-206 0 0 0.0132842 0 0.00673464 3.70187e-185 1 0 1.79825e-207 4.7066e-275 0 0 0 8.19295e-190 2.56494e-199 0 0 0 
0 0 0 0.008509 0 0 0 0 0 0 0 0 0 0 0 0 0 0 0 0 0 0 0 0 0 0 0 0 0 0 0 0 0 0 0.0059759 0 0 0.0370463 0 1 0 0 0 0 0 1.95915e-55 0 0 0 0 
0 4.03833e-188 0 0 3.38169e-203 1.58351e-226 0 3.17655e-248 0 2.07605e-177 0 0 0 2.26075e-188 0 0 0 0 0 0 0 6.27321e-216 0 0 0 0 4.01198e-201 2.25292e-250 7.8504e-285 0 0 9.02476e-205 0 0 6.00286e-200 0 0 5.55722e-180 0 0 0.903801 6.26279e-271 0 0 0 1.87758e-185 3.57204e-195 0 1.76058e-313 0 
0 5.30515e-181 0 0 3.99052e-194 2.08025e-219 0 4.17157e-241 0 1.96307e-157 0 0 0 3.90714e-183 0 0 0 0 0 0 0 0.101498 0 0 1.49674e-308 0 4.41481e-194 2.95965e-243 5.90079e-278 0 0 6.92004e-198 0 0 6.96939e-193 2.52223e-310 0 0.0171076 0 0 3.14355e-196 0.857165 0 0 0 1.67221e-176 5.00647e-182 0 8.9926e-306 0 
0 1.80095e-204 0 0 5.61983e-216 7.0619e-243 0 1.41614e-264 0 8.25136e-194 0 0 0 1.32544e-206 0 0 0 0 0 0 0 1.27885e-226 0 0 0 0 1.49836e-217 1.00472e-266 1.99494e-301 0 0 2.34916e-221 0.0128244 0 2.36308e-216 0 0 2.19671e-197 0 0 1.06709e-219 0.0118067 1 0 0 8.6724e-202 1.63411e-211 0 0 0 
0 0.0105063 0 0 1.71733e-206 5.24686e-229 0 1.61259e-251 0 9.39452e-181 0 0 0 1.50931e-193 0 0 0 0 0 0 0 3.18258e-219 0 0 0 0 1.7642e-204 0.0387485 2.2717e-288 0 0 2.67506e-208 0 0 2.69075e-203 0 0 2.50146e-184 0 0 1.21512e-206 3.18039e-274 0 0.979248 0 5.53622e-189 1.7332e-198 0 0 0.00885352 
0 0.0185916 0 0 0 0 0 0 0 0 0 0 0 0 0 0 0 0 0 0 0 0 0 0 0 1.8839e-243 0.0153743 0 0 0 0 0.0217246 0 0 0 0 0 0 0 0 0 0 0 0 0.970613 0.00768209 0 0 0 0 
0 1.92467e-186 0 0 0.0120314 1.63569e-225 0 3.28008e-247 0 2.0453e-176 0 0 0 3.07001e-189 0 0 0 0 0 0 0 7.89592e-214 0 0 1.27405e-315 0 3.47477e-200 2.32716e-249 5.38984e-284 0 0 7.10299e-204 0 0 2.72779e-193 0 0 7.63356e-180 0 0 5.23759e-200 4.67942e-266 0 0 0 0.877574 3.98071e-177 0 1.76982e-311 0 
0 8.44736e-190 0 0 4.36202e-113 1.3438e-228 0 2.69474e-250 0 1.78744e-171 0 0 0 2.52379e-192 0 0 0 0 0 0 0 4.3336e-216 0 0 0 0 8.4747e-202 1.91187e-252 2.97864e-286 0 0 3.68971e-206 0 0 4.49711e-202 0 0 0.0253455 0 0 3.25495e-204 3.12645e-255 0 0 0 1.00352e-183 0.863889 0 0 0 
0 0 1.37026e-261 0 0 0 0 0 0 0 0 0 0 0 0 0 0 0 0 0 0 0.018418 0 0 0 0 0 0 0 0 0 0 0 0 0 0 0 0 0 0 0 0.0395117 0 0 0 0.00768208 0 1 0 0 
0 9.11714e-191 0 0 1.12738e-205 3.57501e-229 0 7.16904e-251 0 1.91244e-179 0 0 0 8.00581e-193 0 0 0 0 0 0 0 2.40855e-216 0 0 0 0 7.58529e-204 5.0863e-253 1.00992e-287 0 0 1.19543e-207 0 0 8.45987e-198 0 0 0.0424386 0 0 5.40203e-206 1.02347e-271 0 0 0 2.74638e-94 8.05803e-198 0 0.978983 0 
0 0.0104835 0 0 1.59777e-208 7.52436e-232 0 1.50032e-253 0 8.74045e-183 0 0 0 1.40423e-195 0 0 0 0 0 0 0 2.961e-221 0 0 2.56804e-316 0 0.042589 7.94693e-247 2.11376e-290 0 0 5.92044e-206 0 0 2.50352e-205 0 0 2.3273e-186 0 0 1.13052e-208 2.95896e-276 0 0 1.8117e-308 5.15084e-191 1.61288e-200 0 0 0.991146 


4	572.997 147.281 552.572 179.505 
4 4	63.1934 30.8847 -85.982 88.6448 
30.8847 660.577 389.751 368.244 
-85.982 389.751 753.417 -72.1433 
88.6448 368.244 -72.1433 591.888 


4	202.776 147.774 465.246 213.618 
4 4	4139.53 -1430.84 45.1973 1647.2 
-1430.84 1546.78 562.384 -240.665 
45.1973 562.384 5338.75 1922.64 
1647.2 -240.665 1922.64 2176.76 


4	412.726 182.179 374.024 202.243 
4 4	1889.6 238.901 -686.13 -170.33 
238.901 800.381 221.176 166.032 
-686.13 221.176 952.817 16.5131 
-170.33 166.032 16.5131 298.544 


4	434.959 371.639 448.053 364.567 
4 4	778.525 7.184 -307.895 -146.764 
7.184 203.165 102.18 307.916 
-307.895 102.18 560.475 154.754 
-146.764 307.916 154.754 566.475 


4	536.643 219.355 496.515 329.851 
4 4	2380.31 586.652 -673.861 -163.012 
586.652 2750.82 -2068.08 217.739 
-673.861 -2068.08 2401.81 310.035 
-163.012 217.739 310.035 1711.21 


4	127.214 215.889 258.75 172.164 
4 4	408.332 251.981 -337.214 72.204 
251.981 652.129 -307.986 -809.667 
-337.214 -307.986 1341.6 190.166 
72.204 -809.667 190.166 1818.33 


4	399.99 121.66 406.827 136.642 
4 4	236.814 -64.5189 69.3808 105.953 
-64.5189 368.597 195.434 378.486 
69.3808 195.434 558.717 299.069 
105.953 378.486 299.069 943.771 


4	131.098 322.651 119.491 262.049 
4 4	552.693 524.614 307.944 397.504 
524.614 1815.34 400.183 532.085 
307.944 400.183 200.979 348.641 
397.504 532.085 348.641 1355.46 


4	165.642 347.271 170.769 332.85 
4 4	178.499 -43.426 151.713 50.6537 
-43.426 218.037 25.3032 113.925 
151.713 25.3032 242.347 86.2171 
50.6537 113.925 86.2171 232.668 


4	488.254 252.512 185.621 174.144 
4 4	2395.89 775.956 -1154.53 -1160.42 
775.956 4806.5 633.421 -965.73 
-1154.53 633.421 2754.97 209.198 
-1160.42 -965.73 209.198 1470.5 


4	103.148 139.703 112.131 141.304 
4 4	5.03325 23.0322 9.52653 19.264 
23.0322 254.311 26.2347 285.31 
9.52653 26.2347 96.0511 26.2798 
19.264 285.31 26.2798 380.425 


4	559.899 276.636 532.288 248.713 
4 4	488.654 454.313 155.128 -162.728 
454.313 1092.24 22.1572 -301.987 
155.128 22.1572 997.73 14.9417 
-162.728 -301.987 14.9417 1475.67 


4	373.054 244.86 385.619 225.493 
4 4	105.786 -3.14561 13.9041 -11.2965 
-3.14561 813.995 -211.432 989.847 
13.9041 -211.432 225.404 -297.676 
-11.2965 989.847 -297.676 1441.29 


4	228.377 349.692 178.449 221.658 
4 4	2413.52 -458.552 756.602 1484.46 
-458.552 606.672 -453.548 -827.169 
756.602 -453.548 1781.87 1654.86 
1484.46 -827.169 1654.86 3000.91 


4	323.076 258.747 336.961 253.924 
4 4	563.005 103.71 46.7329 0.859274 
103.71 534.604 -163.739 173.138 
46.7329 -163.739 566.241 112.99 
0.859274 173.138 112.99 192.398 


4	278.019 328.674 282.288 311.502 
4 4	189.197 -54.2065 191.986 -48.9364 
-54.2065 843.411 -232.71 733.863 
191.986 -232.71 363.898 -226.656 
-48.9364 733.863 -226.656 956.945 


4	117.214 300.598 146.109 303.063 
4 4	157.644 -52.7068 222.644 -54.4072 
-52.7068 144.801 -258.086 -14.1114 
222.644 -258.086 763.024 -24.8521 
-54.4072 -14.1114 -24.8521 204.142 


4	586.548 118.011 571.52 125.919 
4 4	41.3223 29.4469 50.0288 35.2953 
29.4469 232.036 22.5239 273.654 
50.0288 22.5239 324.297 -80.5447 
35.2953 273.654 -80.5447 386.27 


4	294.726 120.638 274.967 123.357 
4 4	1450.32 326.559 -576.962 32.9716 
326.559 380.129 -468.14 158.93 
-576.962 -468.14 991.928 13.5448 
32.9716 158.93 13.5448 394.464 


4	489.094 202.689 467.191 194.019 
4 4	607.343 -136.648 238.15 -173.137 
-136.648 635.207 -108.914 164.71 
238.15 -108.914 672.14 265.152 
-173.137 164.71 265.152 1063.82 


4	193.964 321.328 208.779 290.803 
4 4	907.415 10.0297 -85.3583 -58.068 
10.0297 893.286 -317.808 -74.0524 
-85.3583 -317.808 362.058 41.5867 
-58.068 -74.0524 41.5867 103.041 


4	504.695 322.153 357.275 213.439 
4 4	901.543 78.7161 247.349 -286.929 
78.7161 1551.6 112.875 -468.646 
247.349 112.875 6261.59 -631.082 
-286.929 -468.646 -631.082 1332.86 


4	512.549 343.406 506.012 330.309 
4 4	144.997 19.4626 141.881 -34.3453 
19.4626 801.904 -332.487 728.815 
141.881 -332.487 591.051 -375.39 
-34.3453 728.815 -375.39 797.933 


4	271.169 276.724 243.776 258.899 
4 4	398.086 227.259 -24.8352 -153.605 
227.259 222.311 -88.8046 -52.692 
-24.8352 -88.8046 121.868 16.338 
-153.605 -52.692 16.338 93.2396 


4	292.444 143.278 319.806 144.644 
4 4	3.69133 -35.0676 1.88146 5.37096 
-35.0676 333.142 -17.8738 -51.0241 
1.88146 -17.8738 454.315 -243.465 
5.37096 -51.0241 -243.465 162.164 


4	214.923 215.126 205.877 206.515 
4 4	283.068 99.8661 108.204 -80.9084 
99.8661 600.168 76.1862 666.887 
108.204 76.1862 736.575 365.758 
-80.9084 666.887 365.758 1121.3 


4	212.77 137.435 262.35 314.287 
4 4	5877.47 -1094.86 -2512.28 -2296.22 
-1094.86 1015.29 -753.034 576.224 
-2512.28 -753.034 9400.58 2749.71 
-2296.22 576.224 2749.71 4198.27 


4	150.741 136.802 242.098 126.23 
4 4	354.632 49.6622 -272.073 197.96 
49.6622 199.98 -155.558 156.589 
-272.073 -155.558 3129.59 -528.743 
197.96 156.589 -528.743 301.336 


4	341.482 174.532 324.535 176.936 
4 4	329.844 -220.866 472.642 -134.257 
-220.866 381.901 -470.772 53.9714 
472.642 -470.772 1224.6 -633.666 
-134.257 53.9714 -633.666 800.528 


4	157.814 261.707 192.178 269.966 
4 4	369.863 -130.002 -172.941 340.653 
-130.002 217.912 264.49 -162.393 
-172.941 264.49 1542.79 -50.29 
340.653 -162.393 -50.29 625.23 


4	118.481 205.297 153.829 192.763 
4 4	150.936 -3.17668 -68.0165 -51.0283 
-3.17668 525.032 10.8656 -30.6378 
-68.0165 10.8656 312.07 -53.5499 
-51.0283 -30.6378 -53.5499 299.606 


4	198.883 267.563 400.615 339.581 
4 4	2937.15 -1639.09 -2336.55 78.1333 
-1639.09 2868.38 1299.75 526.19 
-2336.55 1299.75 5715.49 697.248 
78.1333 526.19 697.248 1869.87 


4	586.65 343.087 586.377 315.14 
4 4	74.41 -5.32319 42.0471 -38.4417 
-5.32319 562.395 -55.2818 472.86 
42.0471 -55.2818 60.0058 59.2137 
-38.4417 472.86 59.2137 995.175 


4	519.723 126.209 443.717 151.903 
4 4	2015.96 -294.039 -128.198 -329.308 
-294.039 129.566 50.2423 127.579 
-128.198 50.2423 2461.89 -832.012 
-329.308 127.579 -832.012 1416.12 


4	214.793 350.477 378.338 217.44 
4 4	4004.31 -636.446 3226.81 -1285.62 
-636.446 865.958 -566.563 451.48 
3226.81 -566.563 8935.28 -3003.43 
-1285.62 451.48 -3003.43 2819.23 


4	394.91 130.342 346.137 127.77 
4 4	2252.44 90.5534 -383.742 -324.461 
90.5534 366.677 92.6064 12.5653 
-383.742 92.6064 1376.07 93.1151 
-324.461 12.5653 93.1151 155.738 


4	198.252 362.78 220.754 359.712 
4 4	1241.44 87.0355 -462.382 -149.999 
87.0355 544.284 -348.717 223.764 
-462.382 -348.717 1263.06 -242.886 
-149.999 223.764 -242.886 399.341 


4	395.772 317.88 219.689 302.661 
4 4	1500.73 -105.993 -1755.65 -22.5063 
-105.993 6391.78 2479.58 -2711.17 
-1755.65 2479.58 5843.55 -1467.72 
-22.5063 -2711.17 -1467.72 3176.48 


4	132.555 384.469 128.186 365.822 
4 4	961.948 132.419 195.682 -27.0732 
132.419 82.4587 7.00906 -50.718 
195.682 7.00906 450.944 -24.1715 
-27.0732 -50.718 -24.1715 311.856 


4	344.716 382.397 341.228 370.167 
4 4	342.665 -95.8478 -18.6653 -36.0725 
-95.8478 71.49 -24.8442 59.7795 
-18.6653 -24.8442 724.531 9.39495 
-36.0725 59.7795 9.39495 157.215 


4	335.34 269.172 187.464 171.835 
4 4	1491.46 -571.613 1196.26 -998.338 
-571.613 975.081 -490.987 42.2681 
1196.26 -490.987 4469.69 575.024 
-998.338 42.2681 575.024 1649.74 


4	492.642 313.653 395.636 310.976 
4 4	864.954 606.866 105.068 308.891 
606.866 2020.51 67.6706 -349.16 
105.068 67.6706 3629.68 -1450.94 
308.891 -349.16 -1450.94 1362.32 


4	556.094 390.81 544.795 387.334 
4 4	69.2897 -51.3822 175.244 -19.0276 
-51.3822 63.3977 -74.3115 91.8631 
175.244 -74.3115 1286.2 404.455 
-19.0276 91.8631 404.455 420.317 


4	148.118 135.127 162.915 130.928 
4 4	599.31 21.9236 58.0981 59.6329 
21.9236 336.771 -298.42 204.37 
58.0981 -298.42 399.271 -75.5553 
59.6329 204.37 -75.5553 253.871 


4	227.504 200.697 264.012 200.955 
4 4	407.136 134.661 173.024 115.562 
134.661 570.573 544.808 -223.056 
173.024 544.808 1221.18 -68.803 
115.562 -223.056 -68.803 796.801 


4	356.07 248.134 505.323 213.016 
4 4	3057.57 615.947 -153.64 1284.98 
615.947 5676.2 -824.441 2082.87 
-153.64 -824.441 2574.71 -293.99 
1284.98 2082.87 -293.99 3681.06 


4	472.766 163.788 303.992 318.435 
4 4	6832.91 1554.35 -5138.83 571.137 
1554.35 2624.73 -2964.79 -387.676 
-5138.83 -2964.79 11305.7 -419.473 
571.137 -387.676 -419.473 1660.21 


4	464.554 292.347 451.223 282.509 
4 4	653.154 -53.9169 330.325 -148.753 
-53.9169 641.443 140.68 631.227 
330.325 140.68 619.966 218.231 
-148.753 631.227 218.231 736.712 


4	393.811 345.095 386.705 330.298 
4 4	152.353 203.09 -180.688 75.3401 
203.09 465.552 -479.317 -2.83328 
-180.688 -479.317 2590.58 879.795 
75.3401 -2.83328 879.795 578.722 


4	204.624 118.134 235.999 145.717 
4 4	132.592 -28.9588 4.78752 -59.6996 
-28.9588 174.195 62.2084 96.4839 
4.78752 62.2084 844.914 523.857 
-59.6996 96.4839 523.857 556.403 


