1 10

1
10	8.24361e-15 -4.42936e-16 -6.96649e-17 1.12734e-13 -5.13613e-17 4.64522e-17 -2.53782e-15 -2.39644e-15 -2.55564e-15 -2.40564e-15 
10 10	1 6.2522e-17 -3.91601e-17 0.161633 -3.29828e-17 -1.59923e-17 -9.02881e-16 -4.10805e-16 -8.8347e-16 -4.37524e-16 
6.2522e-17 1 -4.47757e-17 2.4764e-18 0.431669 3.50547e-17 0.189538 -4.2872e-17 0.0672202 -2.37976e-17 
-3.91601e-17 -4.47757e-17 1 -5.48301e-17 5.8122e-18 0.421095 -1.01214e-17 0.17263 -2.43196e-17 0.0589084 
0.161633 2.4764e-18 -5.48301e-17 1 2.22303e-18 -3.70082e-17 -1.46857e-16 -7.41354e-16 -1.39242e-17 -6.23769e-16 
-3.29828e-17 0.431669 5.8122e-18 2.22303e-18 1 4.48238e-17 0.341471 -1.72334e-17 0.0679408 -1.18757e-17 
-1.59923e-17 3.50547e-17 0.421095 -3.70082e-17 4.48238e-17 1 2.57802e-17 0.334738 4.56268e-18 0.0437184 
-9.02881e-16 0.189538 -1.01214e-17 -1.46857e-16 0.341471 2.57802e-17 0.59319 -2.78014e-17 0.171393 -1.7649e-17 
-4.10805e-16 -4.2872e-17 0.17263 -7.41354e-16 -1.72334e-17 0.334738 -2.78014e-17 0.585075 -1.44888e-17 0.155388 
-8.8347e-16 0.0672202 -2.43196e-17 -1.39242e-17 0.0679408 4.56268e-18 0.171393 -1.44888e-17 0.530417 -2.21953e-17 
-4.37524e-16 -2.37976e-17 0.0589084 -6.23769e-16 -1.18757e-17 0.0437184 -1.7649e-17 0.155388 -2.21953e-17 0.496068 

