1 8

1
8	8.24361e-15 -4.42936e-16 -6.96649e-17 1.12734e-13 -5.13613e-17 4.64522e-17 -2.71207e-15 -2.90972e-15 
8 8	1 6.2522e-17 -3.91601e-17 0.161633 -3.29828e-17 -1.59923e-17 -8.79253e-16 -5.49839e-16 
6.2522e-17 1 -4.47757e-17 2.4764e-18 0.431669 3.50547e-17 0.178154 -3.62119e-17 
-3.91601e-17 -4.47757e-17 1 -5.48301e-17 5.8122e-18 0.421095 -3.77043e-17 0.16635 
0.161633 2.4764e-18 -5.48301e-17 1 2.22303e-18 -3.70082e-17 -1.84632e-16 -6.03532e-16 
-3.29828e-17 0.431669 5.8122e-18 2.22303e-18 1 4.48238e-17 0.323378 1.7883e-19 
-1.59923e-17 3.50547e-17 0.421095 -3.70082e-17 4.48238e-17 1 3.52196e-17 0.315294 
-8.79253e-16 0.178154 -3.77043e-17 -1.84632e-16 0.323378 3.52196e-17 0.516127 4.16943e-17 
-5.49839e-16 -3.62119e-17 0.16635 -6.03532e-16 1.7883e-19 0.315294 4.16943e-17 0.517446 

