1 27

1
27	675.813 8.24361e-15 -4.42936e-16 -6.96649e-17 1.12734e-13 -5.13613e-17 4.64522e-17 -2.53782e-15 -2.55564e-15 -1.92778e-15 -1.23063e-15 -6.13508e-16 -1.19291e-16 -2.95828e-17 -2.1341e-17 -1.5256e-17 -2.38381e-17 -2.39644e-15 -2.40564e-15 -1.8244e-15 -1.01708e-15 -5.14225e-16 -1.30962e-16 -3.209e-17 -2.43243e-17 -2.76144e-17 -3.33466e-17 
27 27	153334 1.47036 -13.0755 -15.2057 -3.19763 -8.27982 -6.93023 -8.04527 -7.11963 -5.87127 -2.51859 -0.51347 0.040863 0.0527675 0.0874252 0.00783733 0.000484697 -7.22129 -5.53613 -3.12154 0.18917 0.701723 0.418079 0.249924 0.116523 0.0207111 0.000753472 
1.47036 1 6.25081e-17 -3.92084e-17 0.161633 -3.29948e-17 -1.59941e-17 -9.02887e-16 -8.83481e-16 -1.91064e-16 2.89759e-16 2.46047e-16 1.25972e-16 1.90175e-17 2.11775e-17 9.24384e-18 9.29812e-18 -4.10825e-16 -4.37538e-16 -1.74044e-17 5.2759e-16 1.98803e-16 5.71695e-17 1.63459e-17 1.85104e-17 1.84821e-17 9.26164e-18 
-13.0755 6.25081e-17 1 -4.47691e-17 2.45907e-18 0.431669 3.49844e-17 0.189538 0.0672202 0.0239022 0.00671254 0.00166326 0.000316447 4.11136e-05 1.30789e-05 7.24279e-07 4.86727e-08 -4.28982e-17 -2.37834e-17 -4.38835e-18 -3.13655e-18 -1.25872e-18 3.91184e-19 -1.08086e-19 5.50406e-21 -2.52755e-21 -2.64989e-22 
-15.2057 -3.92084e-17 -4.47691e-17 1 -5.47905e-17 5.83434e-18 0.421095 -1.00683e-17 -2.41931e-17 -3.42995e-19 -6.3812e-19 5.23754e-19 3.98027e-19 9.6532e-21 1.05226e-20 -6.36257e-22 -1.79556e-23 0.17263 0.0589084 0.0207379 0.00511936 0.000845476 -4.42195e-05 -2.00128e-05 -6.66233e-06 -1.81616e-06 -6.3271e-08 
-3.19763 0.161633 2.45907e-18 -5.47905e-17 1 2.22191e-18 -3.69923e-17 -1.46833e-16 -1.38946e-17 -6.31854e-16 1.62201e-17 4.7416e-17 2.06212e-17 2.52247e-17 2.16902e-17 4.98325e-18 5.0058e-18 -7.4134e-16 -6.23767e-16 -5.6167e-16 -8.73445e-17 4.51787e-17 6.50903e-17 1.33386e-17 9.98269e-18 9.97657e-18 4.97895e-18 
-8.27982 -3.29948e-17 0.431669 5.83434e-18 2.22191e-18 1 4.48254e-17 0.341471 0.0679408 0.0166943 0.00436125 0.00150018 0.000427044 0.000115791 9.17649e-06 1.15116e-07 -1.96051e-24 -1.72061e-17 -1.18619e-17 -3.07687e-18 -1.52315e-18 1.83973e-20 5.03559e-20 -8.00818e-20 4.3274e-21 -3.73239e-22 -6.4785e-24 
-6.93023 -1.59941e-17 3.49844e-17 0.421095 -3.69923e-17 4.48254e-17 1 2.58073e-17 4.61429e-18 1.28249e-18 2.01191e-19 1.22686e-19 8.33997e-21 -8.75363e-21 5.6848e-22 -1.15338e-22 -4.30241e-24 0.334738 0.0437184 0.00885343 0.00158326 -8.38492e-05 -0.000110397 -1.48798e-05 -6.13988e-06 -4.74976e-07 3.69485e-24 
-8.04527 -9.02887e-16 0.189538 -1.00683e-17 -1.46833e-16 0.341471 2.58073e-17 0.59319 0.171393 0.0426365 0.0107009 0.00284454 0.000913396 0.000311541 4.39689e-05 4.89113e-06 3.0068e-08 -2.77542e-17 -1.76116e-17 -7.19318e-18 -3.67306e-18 -1.6831e-19 -6.57799e-20 -4.18595e-20 -1.38387e-21 -1.36175e-20 4.00504e-24 
-7.11963 -8.83481e-16 0.0672202 -2.41931e-17 -1.38946e-17 0.0679408 4.61429e-18 0.171393 0.530417 0.126675 0.0303797 0.00648844 0.0014869 0.000661094 0.000121159 8.69235e-06 6.67398e-07 -1.44424e-17 -2.21739e-17 -5.62159e-18 -4.87067e-18 -1.51504e-18 6.39551e-20 -5.88853e-20 2.1509e-20 -2.12766e-20 -1.57343e-21 
-5.87127 -1.91064e-16 0.0239022 -3.42995e-19 -6.31854e-16 0.0166943 1.28249e-18 0.0426365 0.126675 0.314673 0.0592761 0.0117977 0.00218463 0.000823548 0.000270609 1.98373e-05 1.44669e-06 -2.67752e-18 -6.76405e-18 -1.57973e-17 -6.6387e-19 -1.46374e-18 2.24502e-19 1.3373e-20 -5.64344e-22 -5.36375e-22 -1.09353e-21 
-2.51859 2.89759e-16 0.00671254 -6.3812e-19 1.62201e-17 0.00436125 2.01191e-19 0.0107009 0.0303797 0.0592761 0.129891 0.0188361 0.00274702 0.00120569 0.000204424 1.68914e-05 4.78439e-07 -2.47617e-18 -8.22922e-19 -2.0072e-18 5.92158e-18 -8.68491e-19 1.26715e-19 -2.01228e-20 1.70816e-20 -6.78777e-21 8.43906e-23 
-0.51347 2.46047e-16 0.00166326 5.23754e-19 4.7416e-17 0.00150018 1.22686e-19 0.00284454 0.00648844 0.0117977 0.0188361 0.0340876 0.00355208 0.00114165 0.000267527 1.6819e-05 1.3838e-06 -1.96835e-19 -8.01916e-19 -3.03348e-19 -4.18464e-19 5.13459e-19 -2.38028e-20 1.03262e-20 -1.56381e-20 -3.97145e-21 2.10148e-22 
0.040863 1.25972e-16 0.000316447 3.98027e-19 2.06212e-17 0.000427044 8.33997e-21 0.000913396 0.0014869 0.00218463 0.00274702 0.00355208 0.00443275 0.00103288 0.000354039 2.43487e-05 2.10558e-06 3.08331e-19 4.25233e-21 2.60113e-19 -2.04731e-20 1.0456e-19 7.99714e-20 2.80911e-20 7.67756e-21 -1.16916e-21 -9.33565e-23 
0.0527675 1.90175e-17 4.11136e-05 9.6532e-21 2.52247e-17 0.000115791 -8.75363e-21 0.000311541 0.000661094 0.000823548 0.00120569 0.00114165 0.00103288 0.00156984 0.000307496 2.47935e-05 4.73548e-07 2.8151e-21 3.39514e-20 7.09431e-21 1.19551e-19 -5.27394e-20 8.30797e-21 6.03813e-21 5.90499e-21 -2.49988e-21 -7.51661e-23 
0.0874252 2.11775e-17 1.30789e-05 1.05226e-20 2.16902e-17 9.17649e-06 5.6848e-22 4.39689e-05 0.000121159 0.000270609 0.000204424 0.000267527 0.000354039 0.000307496 0.000336812 2.11822e-05 2.62444e-06 3.29363e-21 -2.01011e-20 9.1969e-21 -6.30725e-23 -3.21603e-21 -8.19477e-22 -7.70072e-21 -1.67978e-21 1.92753e-21 -4.25235e-23 
0.00783733 9.24384e-18 7.24279e-07 -6.36257e-22 4.98325e-18 1.15116e-07 -1.15338e-22 4.89113e-06 8.69235e-06 1.98373e-05 1.68914e-05 1.6819e-05 2.43487e-05 2.47935e-05 2.11822e-05 2.35586e-06 1.39637e-07 3.6203e-08 3.7837e-08 2.29406e-08 -2.17989e-09 -5.83951e-09 -3.4119e-09 -2.04066e-09 -9.5175e-10 -1.69093e-10 -6.15205e-12 
0.000484697 9.29812e-18 4.86727e-08 -1.79556e-23 5.0058e-18 -1.96051e-24 -4.30241e-24 3.0068e-08 6.67398e-07 1.44669e-06 4.78439e-07 1.3838e-06 2.10558e-06 4.73548e-07 2.62444e-06 1.39637e-07 1.02366e-06 -3.34387e-08 -3.4948e-08 -2.1189e-08 2.01344e-09 5.39364e-09 3.15139e-09 1.88485e-09 8.7908e-10 1.56182e-10 5.68231e-12 
-7.22129 -4.10825e-16 -4.28982e-17 0.17263 -7.4134e-16 -1.72061e-17 0.334738 -2.77542e-17 -1.44424e-17 -2.67752e-18 -2.47617e-18 -1.96835e-19 3.08331e-19 2.8151e-21 3.29363e-21 3.6203e-08 -3.34387e-08 0.585075 0.155388 0.0256739 0.0051733 0.000517962 -0.000142274 -5.0291e-05 -8.30977e-06 -1.79215e-06 -7.12464e-08 
-5.53613 -4.37538e-16 -2.37834e-17 0.0589084 -6.23767e-16 -1.18619e-17 0.0437184 -1.76116e-17 -2.21739e-17 -6.76405e-18 -8.22922e-19 -8.01916e-19 4.25233e-21 3.39514e-20 -2.01011e-20 3.7837e-08 -3.4948e-08 0.155388 0.496068 0.104959 0.0151146 0.00168439 3.08854e-05 -4.64856e-05 -2.20562e-05 -1.60076e-06 -1.54773e-24 
-3.12154 -1.74044e-17 -4.38835e-18 0.0207379 -5.6167e-16 -3.07687e-18 0.00885343 -7.19318e-18 -5.62159e-18 -1.57973e-17 -2.0072e-18 -3.03348e-19 2.60113e-19 7.09431e-21 9.1969e-21 2.29406e-08 -2.1189e-08 0.0256739 0.104959 0.272808 0.0460121 0.00294509 0.000198096 2.00794e-05 -4.02671e-05 -1.06219e-05 -3.11598e-07 
0.18917 5.2759e-16 -3.13655e-18 0.00511936 -8.73445e-17 -1.52315e-18 0.00158326 -3.67306e-18 -4.87067e-18 -6.6387e-19 5.92158e-18 -4.18464e-19 -2.04731e-20 1.19551e-19 -6.30725e-23 -2.17989e-09 2.01344e-09 0.0051733 0.0151146 0.0460121 0.0985298 0.00866688 0.000395135 0.000137416 -3.61676e-06 -5.47847e-06 -3.32371e-07 
0.701723 1.98803e-16 -1.25872e-18 0.000845476 4.51787e-17 1.83973e-20 -8.38492e-05 -1.6831e-19 -1.51504e-18 -1.46374e-18 -8.68491e-19 5.13459e-19 1.0456e-19 -5.27394e-20 -3.21603e-21 -5.83951e-09 5.39364e-09 0.000517962 0.00168439 0.00294509 0.00866688 0.0107433 0.000813047 0.000201532 3.10986e-05 6.57942e-07 3.09708e-24 
0.418079 5.71695e-17 3.91184e-19 -4.42195e-05 6.50903e-17 5.03559e-20 -0.000110397 -6.57799e-20 6.39551e-20 2.24502e-19 1.26715e-19 -2.38028e-20 7.99714e-20 8.30797e-21 -8.19477e-22 -3.4119e-09 3.15139e-09 -0.000142274 3.08854e-05 0.000198096 0.000395135 0.000813047 0.000801991 0.000284727 6.32831e-05 1.08479e-05 4.09798e-07 
0.249924 1.63459e-17 -1.08086e-19 -2.00128e-05 1.33386e-17 -8.00818e-20 -1.48798e-05 -4.18595e-20 -5.88853e-20 1.3373e-20 -2.01228e-20 1.03262e-20 2.80911e-20 6.03813e-21 -7.70072e-21 -2.04066e-09 1.88485e-09 -5.0291e-05 -4.64856e-05 2.00794e-05 0.000137416 0.000201532 0.000284727 0.000415528 0.000168498 1.86925e-05 2.41489e-07 
0.116523 1.85104e-17 5.50406e-21 -6.66233e-06 9.98269e-18 4.3274e-21 -6.13988e-06 -1.38387e-21 2.1509e-20 -5.64344e-22 1.70816e-20 -1.56381e-20 7.67756e-21 5.90499e-21 -1.67978e-21 -9.5175e-10 8.7908e-10 -8.30977e-06 -2.20562e-05 -4.02671e-05 -3.61676e-06 3.10986e-05 6.32831e-05 0.000168498 0.000234577 5.42829e-05 2.01524e-06 
0.0207111 1.84821e-17 -2.52755e-21 -1.81616e-06 9.97657e-18 -3.73239e-22 -4.74976e-07 -1.36175e-20 -2.12766e-20 -5.36375e-22 -6.78777e-21 -3.97145e-21 -1.16916e-21 -2.49988e-21 1.92753e-21 -1.69093e-10 1.56182e-10 -1.79215e-06 -1.60076e-06 -1.06219e-05 -5.47847e-06 6.57942e-07 1.08479e-05 1.86925e-05 5.42829e-05 2.14267e-05 1.15976e-06 
0.000753472 9.26164e-18 -2.64989e-22 -6.3271e-08 4.97895e-18 -6.4785e-24 3.69485e-24 4.00504e-24 -1.57343e-21 -1.09353e-21 8.43906e-23 2.10148e-22 -9.33565e-23 -7.51661e-23 -4.25235e-23 -6.15205e-12 5.68231e-12 -7.12464e-08 -1.54773e-24 -3.11598e-07 -3.32371e-07 3.09708e-24 4.09798e-07 2.41489e-07 2.01524e-06 1.15976e-06 1.07221e-06 

