20	0 4.24502e-274 0 0 0 0 0 0 0 0 0 0 0 0 0 0 0 1 0 4.81541e-292 

20 20	0.799649 0 0 0 0 0.019432 0.0495196 0 0.239623 0 0.0141866 0 0.00267939 0 1.58359e-301 0.0457978 0 0 0 0 
1.35892e-311 0.0675264 0 0 0 0 0 0.0261292 0 0.0482603 1.42143e-240 0 0.0301618 9.70728e-125 0 0.0427406 0.0341292 1.1847e-106 0.00493725 0.628907 
0 0 0.810985 1.30616e-284 0 0.0549762 1.38265e-230 0 0 7.54003e-90 0.0300549 0 0 0.080624 0.00771898 0.0286473 0.00160489 0 0 0 
0 0 8.69162e-67 0.589348 0 0.130513 0 0 0.0361389 0 0 0 0 0.0100428 6.03939e-50 0.148546 1.53155e-296 0 0 0 
0 0.0028404 9.26466e-185 0 0.738357 0.0719346 2.28635e-187 0 0.0325955 0 2.4128e-272 0 0 0 0 0 0 0 0 0 
0 0.372642 0 0 0 0.289691 8.66551e-108 0 3.78629e-201 0.00164468 0 0 0.0872079 0.113085 0 0.378495 0.00161974 0.0494596 0 0 
0 0 0 0 0 0.0974454 0.508129 0 0.10966 0 0 0 0 2.075e-101 0 0.0806443 0 0 0 0 
0.0201897 0 3.57671e-66 0 0.23371 0.0174342 0.128406 0.777826 0.0567589 0.00582948 0.167257 0 0.00272054 0 6.95723e-152 4.58045e-08 0 0 0.0112523 0 
0 0 0 0 0 0.0540659 0 0 0.245492 0 0 0 0.0697718 0 0 0 0 0 0 0 
2.32349e-301 0.0114291 0.0755584 0 0 0.0133292 0 0.128913 1.71728e-208 0.796008 0 0 0.048201 0.0547269 4.81554e-94 0 0.0467846 0 0 0 
0.0288421 0 6.60517e-229 0.177207 0.0279332 0.00264844 0.313945 0 0.0786945 0 0.662772 0 0 0 0 0 0 0 0.0131254 0 
0.0057024 0 0.0213545 0 0 0.0119656 0 0.0419351 1.42682e-264 0.110863 6.47938e-163 0.995797 0.0990514 0.095211 0.0295234 0 0.109552 0 1.9591e-257 0 
0.0572493 0.138151 0 0 0 1.06606e-138 2.21134e-274 1.62365e-91 0.0161719 0.0270291 0 0 0.602387 0 0 0 0.0311198 0.0472946 0.0116674 1.19488e-302 
0 0.11204 0.0417968 0 0 0 0 0 0 0.00839296 0 0 0 0.61656 0 0.0114757 2.04234e-25 0.0192719 0 0 
1.28603e-186 0 0.00779656 0.215297 0 0.00967978 0 0 0 0 0.0805435 0 0 0 0.771554 1.2768e-142 4.90878e-28 0 1.19886e-238 0 
0 0 0 0 0 0.127256 0 0 6.61124e-203 6.27481e-86 0 0 0.0317218 0.0197262 0 0.251133 0.00158014 0 0 0 
0.0827489 0 0.0425092 1.70318e-261 0 0.0403623 4.06855e-286 0.0208078 0.0434044 0.00197196 0.0110653 0 0.0180222 1.8663e-114 0.183207 7.68834e-87 0.767464 0 0.156964 0 
0 0 0 0 0 0 0 0 0 0 0 0.00420302 0 0 0 0 0 0.754741 0 5.5178e-231 
0 0 0 0.0181475 0 0.0592658 3.77048e-121 2.1378e-292 0.14146 0 0.0341211 0 0.00535327 0 0 0.0125206 4.81236e-165 0 0.802054 0 
0.00561902 0.295371 0 0 0 0 0 0.00438834 0 0 0 0 0.00272237 0.0100247 0.00799662 0 0.00614572 0.129233 7.83426e-234 0.371093 


12	-18.709 -2.55789 -22.1451 -2.80505 -24.2889 -2.76145 -24.4001 -2.51463 -22.733 -2.11946 -76.7784 -3.36074 
12 12	349.44 57.1582 300.374 51.2229 188.218 37.9398 42.9891 15.9958 -109.029 -6.39219 699.141 36.7535 
57.1582 17.5747 48.6322 16.3733 29.7628 12.0699 6.84697 5.98127 -15.0104 1.06355 97.4487 23.728 
300.374 48.6322 341.174 52.5435 240.248 38.264 105.584 20.4799 -51.5629 -0.390903 543.356 7.10968 
51.2229 16.3733 52.5435 20.2609 34.6027 17.0841 15.7789 10.6974 -4.33806 4.64039 78.6874 21.8059 
188.218 29.7628 240.248 34.6027 264.205 34.3788 169.395 20.5417 37.1474 6.22026 279.968 -37.3774 
37.9398 12.0699 38.264 17.0841 34.3788 19.6002 21.4027 14.9878 7.61824 9.16341 50.7333 18.7576 
42.9891 6.84697 105.584 15.7789 169.395 21.4027 218.328 24.1187 143.388 15.3923 -23.7533 -57.9963 
15.9958 5.98127 20.4799 10.6974 20.5417 14.9878 24.1187 16.9597 18.0357 13.3185 11.4177 10.0375 
-109.029 -15.0104 -51.5629 -4.33806 37.1474 7.61824 143.388 18.0357 239.254 26.8327 -237.573 -44.6996 
-6.39219 1.06355 -0.390903 4.64039 6.22026 9.16341 15.3923 13.3185 26.8327 16.26 -18.4665 2.83084 
699.141 97.4487 543.356 78.6874 279.968 50.7333 -23.7533 11.4177 -237.573 -18.4665 3321.28 269.139 
36.7535 23.728 7.10968 21.8059 -37.3774 18.7576 -57.9963 10.0375 -44.6996 2.83084 269.139 354.691 


12	0.998891 -0.559131 0.101497 -0.0553737 0.101494 -0.0553533 0.101494 -0.0553621 0.0273552 0.0725544 27.4377 1.48212 
12 12	59.7257 1.30785 5.90379 0.0739929 5.90379 0.0739725 5.90379 0.0739813 4.38712 -0.189601 661 24.9651 
1.30785 54.2969 -0.199401 5.33583 -0.199402 5.33585 -0.199402 5.33584 -0.356975 3.85994 56.0326 424.337 
5.90379 -0.199401 1.43307 -0.0199012 1.43307 -0.0199033 1.43307 -0.0199024 0.667152 -0.0699927 125.379 -1.3858 
0.0739929 5.33583 -0.0199012 1.35614 -0.0199014 1.35615 -0.0199014 1.35615 -0.066877 0.555334 14.2004 76.1598 
5.90379 -0.199402 1.43307 -0.0199014 1.43307 -0.0199035 1.43307 -0.0199026 0.667154 -0.0699925 125.379 -1.3858 
0.0739725 5.33585 -0.0199033 1.35615 -0.0199035 1.35616 -0.0199035 1.35616 -0.066886 0.555344 14.1999 76.16 
5.90379 -0.199402 1.43307 -0.0199014 1.43307 -0.0199035 1.43307 -0.0199026 0.667154 -0.0699925 125.379 -1.3858 
0.0739813 5.33584 -0.0199024 1.35615 -0.0199026 1.35616 -0.0199026 1.35615 -0.0668858 0.555342 14.2001 76.1598 
4.38712 -0.356975 0.667152 -0.066877 0.667154 -0.066886 0.667154 -0.0668858 1.30865 -0.158605 53.7967 -1.86458 
-0.189601 3.85994 -0.0699927 0.555334 -0.0699925 0.555344 -0.0699925 0.555342 -0.158605 0.88631 1.90074 31.0629 
661 56.0326 125.379 14.2004 125.379 14.1999 125.379 14.2001 53.7967 1.90074 22852.4 871.315 
24.9651 424.337 -1.3858 76.1598 -1.3858 76.16 -1.3858 76.1598 -1.86458 31.0629 871.315 9449.12 


12	0.222818 1.80283 0.185041 2.21822 0.116938 2.34032 0.0344404 2.00111 -0.0260135 1.3659 0.946328 10.9606 
12 12	3.70405 5.06164 3.60673 6.50986 3.3197 8.27833 2.74578 9.07007 2.21884 8.09106 23.2496 27.9981 
5.06164 82.7372 4.47122 97.4149 4.26624 105.214 4.01862 93.0811 3.46327 73.4855 34.5923 337.558 
3.60673 4.47122 4.45672 6.28309 4.22423 7.28454 3.63167 9.16174 2.94624 9.41772 24.5461 27.528 
6.50986 97.4149 6.28309 136.087 5.15007 146.6 4.76233 135.285 4.18649 113.649 46.9319 431.2 
3.3197 4.26624 4.22423 5.15007 5.04918 6.75575 4.57113 7.86708 3.75971 8.82909 24.543 26.151 
8.27833 105.214 7.28454 146.6 6.75575 189.227 5.56725 184.318 4.8189 164.033 51.8568 498.167 
2.74578 4.01862 3.63167 4.76233 4.57113 5.56725 5.42093 6.67585 4.77967 6.58956 23.1369 22.5509 
9.07007 93.0811 9.16174 135.285 7.86708 184.318 6.67585 229.377 5.39917 222.007 54.4326 491.495 
2.21884 3.46327 2.94624 4.18649 3.75971 4.8189 4.77967 5.39917 5.6706 5.33659 20.1528 16.3132 
8.09106 73.4855 9.41772 113.649 8.82909 164.033 6.58956 222.007 5.33659 273.686 54.8357 455.459 
23.2496 34.5923 24.5461 46.9319 24.543 51.8568 23.1369 54.4326 20.1528 54.8357 256.061 233.645 
27.9981 337.558 27.528 431.2 26.151 498.167 22.5509 491.495 16.3132 455.459 233.645 2127.26 


12	-2.27018 -3.47778 -1.75717 -3.155 -1.68753 -2.36818 -1.80695 -1.29413 -1.28143 -0.661373 -8.73942 -4.77359 
12 12	691.976 576.961 642.58 552.859 504.171 447.94 282.883 252.53 107.895 92.1277 1920.99 1530.39 
576.961 770.008 541.759 724.669 426.965 560.041 235.972 291.57 91.117 104.31 1599.16 1824.17 
642.58 541.759 683.991 597.483 548.997 486.481 320.081 283.834 131.283 110.923 1753.51 1417.12 
552.859 724.669 597.483 798.186 479.712 620.485 273.786 333.35 110.624 124.289 1499.45 1676.73 
504.171 426.965 548.997 479.712 513.257 457 309.981 272.693 133.15 110.549 1333.44 1102.3 
447.94 560.041 486.481 620.485 457 576.968 266.489 315.348 108.546 116.943 1170.75 1286.53 
282.883 235.972 320.081 273.786 309.981 266.489 222.104 197.683 94.5081 77.6541 715.955 593.439 
252.53 291.57 283.834 333.35 272.693 315.348 197.683 228.172 77.7655 81.2182 617.841 648.73 
107.895 91.117 131.283 110.624 133.15 108.546 94.5081 77.7655 51.8581 42.0205 279.423 229.105 
92.1277 104.31 110.923 124.289 110.549 116.943 77.6541 81.2182 42.0205 42.7985 226.501 226.55 
1920.99 1599.16 1753.51 1499.45 1333.44 1170.75 715.955 617.841 279.423 226.501 6879.82 5511.29 
1530.39 1824.17 1417.12 1676.73 1102.3 1286.53 593.439 648.73 229.105 226.55 5511.29 6170.3 


12	22.1848 -13.2123 26.7425 -16.9541 28.462 -18.6045 25.06 -16.5253 17.9519 -11.2992 58.8351 -29.6909 
12 12	273.43 -95.3998 226.886 -59.1542 124.635 14.3957 1.89889 76.8811 -80.8587 91.3082 683.922 -232.805 
-95.3998 102.707 -67.3975 88.5486 -3.0091 37.3156 60.154 -21.0813 92.108 -51.8425 -247.989 230.38 
226.886 -67.3975 265.159 -77.2988 184.999 -18.6363 74.0018 39.466 -11.4875 57.612 488.511 -156.608 
-59.1542 88.5486 -77.2988 114.178 -21.9258 75.1224 35.1767 14.7302 66.6802 -25.9653 -120.485 187.081 
124.635 -3.0091 184.999 -21.9258 251.26 -53.8656 189.072 -26.2413 109.629 -10.6676 160.071 24.0894 
14.3957 37.3156 -18.6363 75.1224 -53.8656 108.225 -25.0154 72.8773 1.38229 31.4776 97.4856 56.5775 
1.89889 60.154 74.0018 35.1767 189.072 -25.0154 303.49 -101.615 256.215 -99.1609 -175.964 162.89 
76.8811 -21.0813 39.466 14.7302 -26.2413 72.8773 -101.615 123.865 -87.9158 97.3389 258.217 -52.3858 
-80.8587 92.108 -11.4875 66.6802 109.629 1.38229 256.215 -87.9158 336.607 -150.928 -365.959 215.221 
91.3082 -51.8425 57.612 -25.9653 -10.6676 31.4776 -99.1609 97.3389 -150.928 127.836 279.844 -92.2058 
683.922 -247.989 488.511 -120.485 160.071 97.4856 -175.964 258.217 -365.959 279.844 3910.44 -1751.87 
-232.805 230.38 -156.608 187.081 24.0894 56.5775 162.89 -52.3858 215.221 -92.2058 -1751.87 1446.34 


12	3.33624 -0.339672 2.25915 -0.351496 0.676009 -0.0418541 0.063632 0.0174391 0.063632 0.0174391 18.6412 19.755 
12 12	530.317 11.2025 284.79 5.60837 87.3872 -0.808254 22.4413 1.03957 22.4413 1.03957 2719.49 111.513 
11.2025 282.499 4.54596 181.556 -1.79303 59.1288 -0.338405 16.0522 -0.338405 16.0522 186.343 1163.37 
284.79 4.54596 182.249 3.16606 58.803 -1.74272 12.8795 0.586434 12.8795 0.586434 1391.74 59.6631 
5.60837 181.556 3.16606 139.154 -2.15051 47.6085 -0.485537 10.5915 -0.485537 10.5915 117.746 713.172 
87.3872 -1.79303 58.803 -2.15051 25.6204 -1.45704 4.36224 0.0221345 4.36224 0.0221345 429.222 15.3257 
-0.808254 59.1288 -1.74272 47.6085 -1.45704 23.5334 -0.326935 3.77662 -0.326935 3.77662 35.6966 236.338 
22.4413 -0.338405 12.8795 -0.485537 4.36224 -0.326935 1.64863 0.02544 1.64863 0.02544 111.843 0.0873286 
1.03957 16.0522 0.586434 10.5915 0.0221345 3.77662 0.02544 1.66483 0.02544 1.66483 12.6505 61.4016 
22.4413 -0.338405 12.8795 -0.485537 4.36224 -0.326935 1.64863 0.02544 1.64863 0.02544 111.843 0.0873289 
1.03957 16.0522 0.586434 10.5915 0.0221345 3.77662 0.02544 1.66483 0.02544 1.66483 12.6505 61.4016 
2719.49 186.343 1391.74 117.746 429.222 35.6966 111.843 12.6505 111.843 12.6505 22866.7 1332.94 
111.513 1163.37 59.6631 713.172 15.3257 236.338 0.0873286 61.4016 0.0873289 61.4016 1332.94 8137.79 


12	-21.6872 14.2747 -19.5964 12.4388 -13.6884 8.72061 -7.4126 4.9252 -2.82158 1.95312 -68.8559 62.0659 
12 12	595.383 -166.305 534.492 -122.833 294.771 -62.0441 151.256 -18.8221 43.7015 -0.565755 1361.46 -388.346 
-166.305 150.313 -137.058 107.435 -85.1199 65.8842 -42.9463 29.3348 -12.7881 10.3486 -291.377 370.236 
534.492 -137.058 589.874 -142.207 322.601 -72.4595 182.379 -30.925 62.1001 -6.13809 1169.22 -282.3 
-122.833 107.435 -142.207 106.885 -89.1311 64.4981 -52.9942 31.6575 -19.883 11.6644 -166.301 236.19 
294.771 -85.1199 322.601 -89.1311 220.491 -68.0306 129.21 -34.0136 45.1975 -8.82958 539.953 -110.096 
-62.0441 65.8842 -72.4595 64.4981 -68.0306 55.5912 -40.1802 27.7741 -15.5425 10.3318 -37.3613 112.561 
151.256 -42.9463 182.379 -52.9942 129.21 -40.1802 102.594 -33.0294 38.7651 -10.8604 253.741 -41.1575 
-18.8221 29.3348 -30.925 31.6575 -34.0136 27.7741 -33.0294 23.5662 -13.1338 9.46445 19.0483 46.5683 
43.7015 -12.7881 62.1001 -19.883 45.1975 -15.5425 38.7651 -13.1338 17.2626 -5.15789 82.582 -21.9639 
-0.565755 10.3486 -6.13809 11.6644 -8.82958 10.3318 -10.8604 9.46445 -5.15789 4.62609 8.61683 24.691 
1361.46 -291.377 1169.22 -166.301 539.953 -37.3613 253.741 19.0483 82.582 8.61683 5403.43 -2224.23 
-388.346 370.236 -282.3 236.19 -110.096 112.561 -41.1575 46.5683 -21.9639 24.691 -2224.23 2683.66 


12	-0.436825 0.825917 -0.50295 0.867341 -0.539295 0.877756 -0.365478 0.640791 -0.00150403 0.170268 -1.13004 5.00235 
12 12	25.6524 -14.0336 30.1238 -16.1704 37.317 -19.3884 44.4982 -23.5749 54.8695 -30.0047 110.083 -88.1625 
-14.0336 10.0533 -16.4996 11.4174 -20.1345 13.5249 -24.1101 16.5416 -29.9405 21.395 -62.4535 56.0197 
30.1238 -16.4996 43.0814 -23.5535 53.1443 -28.7678 65.2021 -36.1735 80.9551 -45.751 137.531 -111.654 
-16.1704 11.4174 -23.5535 17.45 -28.732 21.2556 -35.1635 26.6782 -43.2666 33.6912 -76.7296 69.6324 
37.317 -20.1345 53.1443 -28.732 77.7403 -41.7278 97.1392 -53.6126 124.633 -69.9209 182.862 -146.265 
-19.3884 13.5249 -28.7678 21.2556 -41.7278 31.8283 -52.4949 41.4533 -66.0916 53.4216 -100.152 89.922 
44.4982 -24.1101 65.2021 -35.1635 97.1392 -52.4949 149.224 -81.7677 193.938 -107.108 259.176 -196.304 
-23.5749 16.5416 -36.1735 26.6782 -53.6126 41.4533 -81.7677 66.5975 -103.746 88.0836 -138.896 120.058 
54.8695 -29.9405 80.9551 -43.2666 124.633 -66.0916 193.938 -103.746 294.103 -158.653 368.867 -265.383 
-30.0047 21.395 -45.751 33.6912 -69.9209 53.4216 -107.108 88.0836 -158.653 137.799 -188.811 159.538 
110.083 -62.4535 137.531 -76.7296 182.862 -100.152 259.176 -138.896 368.867 -188.811 1323.92 -820.471 
-88.1625 56.0197 -111.654 69.6324 -146.265 89.922 -196.304 120.058 -265.383 159.538 -820.471 760.296 


12	-2.74146 -1.9949 -3.59496 -1.50824 -0.607642 -0.407082 0.309056 0.0228217 -0.32797 0.0193404 -29.0591 -7.34066 
12 12	1716.91 59.448 1131.07 43.5503 659.617 19.9144 240.679 1.13218 73.2458 0.77508 5594.67 328.64 
59.448 52.1891 39.3235 27.6388 20.3244 8.25443 10.8678 0.157429 2.74611 0.0592404 388.507 251.624 
1131.07 39.3235 869.824 30.3928 506.268 12.2417 194.964 0.41019 65.5907 0.464136 3782.55 233.612 
43.5503 27.6388 30.3928 18.1141 16.7177 5.7261 8.0491 0.151304 2.0109 0.0569862 269.964 123.412 
659.617 20.3244 506.268 16.7177 324.767 7.41454 121.256 0.170893 40.1575 0.290405 2220.9 139.028 
19.9144 8.25443 12.2417 5.7261 7.41454 2.73265 2.94953 0.10359 0.787468 0.0381126 106.167 37.9711 
240.679 10.8678 194.964 8.0491 121.256 2.94953 64.5807 -0.0204981 21.2437 0.0438962 874.456 76.8767 
1.13218 0.157429 0.41019 0.151304 0.170893 0.10359 -0.0204981 0.0190479 -0.0120651 0.00696024 5.70124 1.51943 
73.2458 2.74611 65.5907 2.0109 40.1575 0.787468 21.2437 -0.0120651 8.1663 0.0186181 272.649 19.6623 
0.77508 0.0592404 0.464136 0.0569862 0.290405 0.0381126 0.0438962 0.00696024 0.0186181 0.00398861 3.86527 0.67364 
5594.67 388.507 3782.55 269.964 2220.9 106.167 874.456 5.70124 272.649 3.86527 24851.2 2489.3 
328.64 251.624 233.612 123.412 139.028 37.9711 76.8767 1.51943 19.6623 0.67364 2489.3 1805.11 


12	0.244236 0.195648 0.231582 0.264163 0.0686492 0.186154 0.0223808 0.20641 -0.0225025 0.216045 0.122817 -0.28779 
12 12	2.04406 -0.482238 1.88383 -0.667305 1.96501 -0.665744 2.15832 -0.704924 2.34969 -0.801321 13.1471 -5.82682 
-0.482238 1.20413 -0.581744 0.975401 -0.57861 0.949158 -0.60169 0.96545 -0.677087 1.0188 -5.95767 9.19578 
1.88383 -0.581744 2.56464 -0.668233 2.50985 -0.880979 2.62625 -0.924014 2.92538 -1.016 14.4937 -6.9199 
-0.667305 0.975401 -0.668233 1.42806 -0.777288 1.23756 -0.820322 1.22331 -0.872175 1.31827 -6.34466 10.1922 
1.96501 -0.57861 2.50985 -0.777288 3.22465 -1.0748 3.35029 -1.23244 3.58644 -1.34144 16.4552 -8.05522 
-0.665744 0.949158 -0.880979 1.23756 -1.0748 1.67185 -1.13622 1.63032 -1.20288 1.67596 -6.66324 11.4759 
2.15832 -0.60169 2.62625 -0.820322 3.35029 -1.13622 4.27565 -1.52704 4.5752 -1.76165 18.3272 -9.14 
-0.704924 0.96545 -0.924014 1.22331 -1.23244 1.63032 -1.52704 2.22107 -1.64148 2.29362 -7.47749 13.4463 
2.34969 -0.677087 2.92538 -0.872175 3.58644 -1.20288 4.5752 -1.64148 6.0098 -2.2988 21.5409 -11.2504 
-0.801321 1.0188 -1.016 1.31827 -1.34144 1.67596 -1.76165 2.29362 -2.2988 3.3451 -8.93578 16.2416 
13.1471 -5.95767 14.4937 -6.34466 16.4552 -6.66324 18.3272 -7.47749 21.5409 -8.93578 186.682 -99.4122 
-5.82682 9.19578 -6.9199 10.1922 -8.05522 11.4759 -9.14 13.4463 -11.2504 16.2416 -99.4122 214.494 


12	-3.28974 1.70874 -5.25525 2.45222 -7.34473 3.18974 -8.18844 3.04366 -7.6456 2.67416 -10.8256 13.436 
12 12	307.369 -36.9547 486.02 -46.8221 557.976 -41.6024 490.353 -14.9474 355.051 2.73432 846.913 -110.44 
-36.9547 140.17 -36.7522 205.688 -30.7236 225.477 -12.5893 204.421 -5.91951 134.854 -45.4665 322.544 
486.02 -36.7522 895.643 -50.2881 1019.27 -35.8089 924.314 0.850324 695.135 21.8528 1437.56 -184.073 
-46.8221 205.688 -50.2881 360.829 -30.6073 412.793 5.35296 378.552 17.4295 260.005 -37.7798 488.516 
557.976 -30.7236 1019.27 -30.6073 1441.71 -20.0572 1377.68 20.6658 1106.52 44.1683 1853.23 -231.945 
-41.6024 225.477 -35.8089 412.793 -20.0572 577.321 27.3589 562.328 47.5274 414.157 6.93129 585.618 
490.353 -12.5893 924.314 5.35296 1377.68 27.3589 1679.29 52.9664 1447.47 61.6713 1928.24 -203.235 
-14.9474 204.421 0.850324 378.552 20.6658 562.328 52.9664 665.251 68.6877 522.407 95.8031 587.511 
355.051 -5.91951 695.135 17.4295 1106.52 47.5274 1447.47 68.6877 1574.8 63.938 1722.45 -193.81 
2.73432 134.854 21.8528 260.005 44.1683 414.157 61.6713 522.407 63.938 504.596 107.162 446.864 
846.913 -45.4665 1437.56 -37.7798 1853.23 6.93129 1928.24 95.8031 1722.45 107.162 3832.32 -239.591 
-110.44 322.544 -184.073 488.516 -231.945 585.618 -203.235 587.511 -193.81 446.864 -239.591 1632.29 


12	0 0 0 0 0.389299 0.383308 0.471474 0.472489 0.517848 0.559799 -1.93276 3.54301 
12 12	1e-06 0 0 0 0 0 0 0 0 0 0 0 
0 1e-06 0 0 0 0 0 0 0 0 0 0 
0 0 1e-06 0 0 0 0 0 0 0 0 0 
0 0 0 1e-06 0 0 0 0 0 0 0 0 
0 0 0 0 0.521763 0.378166 0.244801 -0.0186229 0.395695 -0.0291079 1.33005 0.187806 
0 0 0 0 0.378166 0.436836 -0.0524667 0.0780007 -0.0664247 0.111029 -0.0763861 0.887132 
0 0 0 0 0.244801 -0.0524667 1.40948 0.473105 1.74545 0.158351 5.23096 0.806821 
0 0 0 0 -0.0186229 0.0780007 0.473105 0.804052 0.041459 0.672813 0.0878764 3.33642 
0 0 0 0 0.395695 -0.0664247 1.74545 0.041459 5.14551 0.873847 12.3977 1.83077 
0 0 0 0 -0.0291079 0.111029 0.158351 0.672813 0.873847 2.35775 0.242998 8.19414 
0 0 0 0 1.33005 -0.0763861 5.23096 0.0878764 12.3977 0.242998 305.423 43.1444 
0 0 0 0 0.187806 0.887132 0.806821 3.33642 1.83077 8.19414 43.1444 296.847 


12	-0.221063 -0.012849 0.105814 0.107502 0.0226665 1.747e-57 0.10142 0 0.0872011 -1.53054e-40 -29.3524 -5.95858 
12 12	67.4489 -0.184024 37.5995 -0.204311 19.9744 3.86195e-58 14.097 0 10.7847 -3.38344e-41 790.191 -5.1697 
-0.184024 2.19375 0.173982 0.41218 0.306146 7.21245e-58 0.0700971 0 -0.12074 -1.96659e-42 6.32861 50.8547 
37.5995 0.173982 27.7515 0.0987883 18.3422 -1.84857e-58 14.3477 0 12.0454 1.61953e-41 397.497 6.42744 
-0.204311 0.41218 0.0987883 0.271079 0.0198769 5.10992e-58 -0.0194296 0 -0.0818831 1.64536e-41 0.103472 9.73317 
19.9744 0.306146 18.3422 0.0198769 18.1254 4.1124e-58 16.3957 0 14.8227 3.4692e-42 210.509 7.14929 
3.86195e-58 7.21245e-58 -1.84857e-58 5.10992e-58 4.1124e-58 1e-06 2.92441e-58 0 3.17282e-58 2.67384e-97 5.94108e-56 4.15743e-56 
14.097 0.0700971 14.3477 -0.0194296 16.3957 2.92441e-58 19.5241 0 18.6227 1.55227e-41 151.849 0.929581 
0 0 0 0 0 0 0 1e-06 0 0 0 0 
10.7847 -0.12074 12.0454 -0.0818831 14.8227 3.17282e-58 18.6227 0 22.6058 -2.3772e-40 127.74 1.02691 
-3.38344e-41 -1.96659e-42 1.61953e-41 1.64536e-41 3.4692e-42 2.67384e-97 1.55227e-41 0 -2.3772e-40 1e-06 -6.78829e-39 4.59795e-39 
790.191 6.32861 397.497 0.103472 210.509 5.94108e-56 151.849 0 127.74 -6.78829e-39 16928.9 154.633 
-5.1697 50.8547 6.42744 9.73317 7.14929 4.15743e-56 0.929581 0 1.02691 4.59795e-39 154.633 2835.19 


12	0.314037 1.93179 0.191565 1.42685 4.64138e-09 0.935857 0 0.631901 0 0.478578 4.50325 9.33985 
12 12	1.72082 0.438456 0.507765 0.239921 -7.13756e-10 0.661845 0 0.442648 0 0.506899 38.8579 16.342 
0.438456 98.3489 -0.144093 55.9414 -8.96619e-09 25.2725 0 18.8346 0 14.0038 35.4396 595.669 
0.507765 -0.144093 0.391734 -0.00706933 -1.45317e-10 0.292852 0 0.285591 0 0.167551 9.64317 2.75631 
0.239921 55.9414 -0.00706933 43.2511 -6.62255e-09 21.3038 0 17.8763 0 14.9048 6.39167 313.785 
-7.13756e-10 -8.96619e-09 -1.45317e-10 -6.62255e-09 1.00003e-06 -7.50348e-10 0 -5.58732e-10 0 -3.79442e-10 1.54272e-08 -2.87109e-08 
0.661845 25.2725 0.292852 21.3038 -7.50348e-10 19.0941 0 18.1592 0 17.315 -2.46637 145.826 
0 0 0 0 0 0 1e-06 0 0 0 0 0 
0.442648 18.8346 0.285591 17.8763 -5.58732e-10 18.1592 0 23.4589 0 23.9831 -7.83452 114.801 
0 0 0 0 0 0 0 0 1e-06 0 0 0 
0.506899 14.0038 0.167551 14.9048 -3.79442e-10 17.315 0 23.9831 0 30.5614 -11.1773 107.669 
38.8579 35.4396 9.64317 6.39167 1.54272e-08 -2.46637 0 -7.83452 0 -11.1773 2431.26 1362.68 
16.342 595.669 2.75631 313.785 -2.87109e-08 145.826 0 114.801 0 107.669 1362.68 6733.13 


12	-0.363903 0.457681 -0.450681 0.43407 -0.670148 0.38633 -1.07141 0.382429 -1.93386 -0.171131 -1.64348 5.82761 
12 12	40.6121 43.8083 52.5427 56.515 67.4881 71.6466 82.5173 85.6776 85.9325 88.2677 164.914 184.878 
43.8083 56.4197 54.4919 68.884 68.6107 85.0117 82.9652 99.6938 83.8696 98.8678 176.386 222.821 
52.5427 54.4919 85.0584 89.6564 107.217 113.919 129.754 136.4 137.426 144.256 229.749 256.924 
56.515 68.884 89.6564 112.305 109.772 138.25 129.64 160.539 133.189 164.008 240.511 305.702 
67.4881 68.6107 107.217 109.772 155.929 162.374 188.845 195.831 203.838 212.354 309.939 343.71 
71.6466 85.0117 113.919 138.25 162.374 204.986 189.955 239.159 198.211 249.531 320.336 405.97 
82.5173 82.9652 129.754 129.64 188.845 189.955 260.776 263.874 288.834 294.295 397.207 434.782 
85.6776 99.6938 136.4 160.539 195.831 239.159 263.874 332.193 282.728 360.151 413.197 514.323 
85.9325 83.8696 137.426 133.189 203.838 198.211 288.834 282.728 374.96 372.959 464.159 489.89 
88.2677 98.8678 144.256 164.008 212.354 249.531 294.295 360.151 372.959 478.772 486.805 580.662 
164.914 176.386 229.749 240.511 309.939 320.336 397.207 413.197 464.159 486.805 1261.29 1348.88 
184.878 222.821 256.924 305.702 343.71 405.97 434.782 514.323 489.89 580.662 1348.88 1783.71 


12	-1.17976 1.66183 -1.09395 1.00175 -0.831388 0.530918 -0.578752 0.511162 -0.0970932 0.0979002 -18.5523 19.0088 
12 12	147.215 50.0016 69.4264 22.446 24.6683 7.13102 14.6217 4.10574 2.2016 1.66813 1485.26 452.889 
50.0016 116.509 23.0681 50.4885 6.97427 15.5742 3.98739 7.16936 0.944487 0.673788 391.677 936.2 
69.4264 23.0681 35.6656 11.1377 13.7609 3.88512 7.71266 2.29603 1.31041 0.762809 694.641 196.086 
22.446 50.4885 11.1377 23.5119 3.56162 7.82903 1.84261 3.55929 0.276548 0.238753 180.979 425.426 
24.6683 6.97427 13.7609 3.56162 6.7229 1.64538 3.52303 0.967016 0.719304 0.310527 270.136 50.608 
7.13102 15.5742 3.88512 7.82903 1.64538 3.77836 0.608052 1.83455 0.0331875 0.0976681 68.3154 152.061 
14.6217 3.98739 7.71266 1.84261 3.52303 0.608052 2.44225 0.354566 0.384483 0.105473 160.82 24.6441 
4.10574 7.16936 2.29603 3.55929 0.967016 1.83455 0.354566 1.48474 0.0629877 0.118643 31.6879 70.9188 
2.2016 0.944487 1.31041 0.276548 0.719304 0.0331875 0.384483 0.0629877 0.281321 0.0379572 28.2339 -2.06837 
1.66813 0.673788 0.762809 0.238753 0.310527 0.0976681 0.105473 0.118643 0.0379572 0.221082 3.58857 2.75253 
1485.26 391.677 694.641 180.979 270.136 68.3154 160.82 31.6879 28.2339 3.58857 27083.7 4835.11 
452.889 936.2 196.086 425.426 50.608 152.061 24.6441 70.9188 -2.06837 2.75253 4835.11 15605.2 


12	0.84021 0.582698 1.08728 0.701389 1.18092 0.707595 1.45426 0.85637 1.91562 1.10671 3.93853 8.95609 
12 12	7.7264 3.2231 8.29471 3.34041 9.46433 3.81176 11.0078 4.36799 13.3123 5.07118 48.0593 26.8517 
3.2231 2.39878 3.27618 2.20842 3.64784 2.34915 4.08022 2.615 4.77404 3.02909 17.9684 17.4669 
8.29471 3.27618 11.4284 4.44135 13.0395 5.05236 15.0747 5.81836 18.0514 6.62021 57.904 32.5274 
3.34041 2.20842 4.44135 3.13678 4.8329 3.17634 5.38765 3.43107 6.22254 3.88033 20.6106 20.1439 
9.46433 3.64784 13.0395 4.8329 18.0693 6.78549 21.4204 8.17729 25.558 9.48225 72.9989 40.417 
3.81176 2.34915 5.05236 3.17634 6.78549 4.49636 7.72848 4.93456 8.88225 5.50936 25.7652 24.2633 
11.0078 4.08022 15.0747 5.38765 21.4204 7.72848 30.5607 11.3654 37.697 13.9069 91.9552 50.946 
4.36799 2.615 5.81836 3.43107 8.17729 4.93456 11.3654 7.27507 13.4299 8.44045 33.0952 31.4387 
13.3123 4.77404 18.0514 6.22254 25.558 8.88225 37.697 13.4299 56.5443 20.3139 118.684 66.2357 
5.07118 3.02909 6.62021 3.88033 9.48225 5.50936 13.9069 8.44045 20.3139 13.102 43.7815 42.5944 
48.0593 17.9684 57.904 20.6106 72.9989 25.7652 91.9552 33.0952 118.684 43.7815 785.764 393.957 
26.8517 17.4669 32.5274 20.1439 40.417 24.2633 50.946 31.4387 66.2357 42.5944 393.957 439.736 


12	-0.140637 0.141966 -0.0546332 0.0566297 0 0 0 0 0 0 9.70805 12.4813 
12 12	2.1622 0.142971 0.917619 0.0654308 0 0 0 0 0 0 153.238 7.0579 
0.142971 1.69109 0.0468745 0.723524 0 0 0 0 0 0 13.832 77.3808 
0.917619 0.0468745 0.807553 0.0378492 0 0 0 0 0 0 69.1855 2.56311 
0.0654308 0.723524 0.0378492 0.686516 0 0 0 0 0 0 5.21592 34.2022 
0 0 0 0 1e-06 0 0 0 0 0 0 0 
0 0 0 0 0 1e-06 0 0 0 0 0 0 
0 0 0 0 0 0 1e-06 0 0 0 0 0 
0 0 0 0 0 0 0 1e-06 0 0 0 0 
0 0 0 0 0 0 0 0 1e-06 0 0 0 
0 0 0 0 0 0 0 0 0 1e-06 0 0 
153.238 13.832 69.1855 5.21592 0 0 0 0 0 0 37935.9 2770.99 
7.0579 77.3808 2.56311 34.2022 0 0 0 0 0 0 2770.99 15660.8 


12	19.6071 5.24847 22.9426 5.99658 24.424 6.24714 24.3359 6.17507 22.7876 5.84481 63.1317 28.5543 
12 12	344.232 106.632 296.294 85.8865 171.742 43.5784 8.84797 -1.38646 -128.083 -37.5688 681.441 271.491 
106.632 45.8073 97.1639 39.5034 58.6772 24.3389 6.64996 7.98279 -31.8432 -4.56044 161.077 112.606 
296.294 97.1639 344.232 102.695 236.834 64.9911 86.0332 20.6039 -59.4509 -20.2307 501.123 229.442 
85.8865 39.5034 102.695 43.8597 74.0543 32.4389 29.0695 17.2651 -11.4021 3.1115 91.6824 91.8568 
171.742 58.6772 236.834 74.0543 285.329 79.893 180.238 47.7384 59.7792 12.2854 154.252 115.734 
43.5784 24.3389 64.9911 32.4389 79.893 37.2239 53.5225 28.3249 23.0908 16.3895 -11.2296 56.2651 
8.84797 6.64996 86.0332 29.0695 180.238 53.5225 258.299 70.7649 193.137 50.6509 -193.543 3.12821 
-1.38646 7.98279 20.6039 17.2651 47.7384 28.3249 70.7649 37.5487 57.2743 31.5957 -92.142 29.0826 
-128.083 -31.8432 -59.4509 -11.4021 59.7792 23.0908 193.137 57.2743 308.681 85.7478 -393.014 -56.5717 
-37.5688 -4.56044 -20.2307 3.1115 12.2854 16.3895 50.6509 31.5957 85.7478 44.8879 -131.939 16.7309 
681.441 161.077 501.123 91.6824 154.252 -11.2296 -193.543 -92.142 -393.014 -131.939 3191.17 956.126 
271.491 112.606 229.442 91.8568 115.734 56.2651 3.12821 29.0826 -56.5717 16.7309 956.126 853.776 


12	0.216731 -0.0243813 0.216731 -0.0243843 0.216731 -0.0243926 0.151671 0.0291988 0.151664 0.0292041 39.7193 5.54849 
12 12	1.53649 -0.139238 1.53649 -0.139237 1.53649 -0.139235 0.787658 -0.167946 0.787661 -0.167947 135.727 -7.19404 
-0.139238 1.35877 -0.139238 1.35876 -0.139238 1.35876 -0.15792 0.577328 -0.15792 0.57733 9.28935 83.4182 
1.53649 -0.139238 1.53649 -0.139237 1.53649 -0.139235 0.787658 -0.167946 0.787661 -0.167947 135.727 -7.19404 
-0.139237 1.35876 -0.139237 1.35876 -0.139237 1.35876 -0.157919 0.577327 -0.15792 0.577329 9.28941 83.4182 
1.53649 -0.139238 1.53649 -0.139237 1.53649 -0.139235 0.787658 -0.167946 0.787661 -0.167947 135.727 -7.19404 
-0.139235 1.35876 -0.139235 1.35876 -0.139235 1.35875 -0.157918 0.577324 -0.157918 0.577325 9.2897 83.4181 
0.787658 -0.15792 0.787658 -0.157919 0.787658 -0.157918 0.797569 -0.166046 0.797571 -0.166047 62.9884 -5.93443 
-0.167946 0.577328 -0.167946 0.577327 -0.167946 0.577324 -0.166046 0.575801 -0.166046 0.575801 0.449744 38.3138 
0.787661 -0.15792 0.787661 -0.15792 0.787661 -0.157918 0.797571 -0.166046 0.797575 -0.166047 62.9887 -5.9344 
-0.167947 0.57733 -0.167947 0.577329 -0.167947 0.577325 -0.166047 0.575801 -0.166047 0.575804 0.449512 38.3139 
135.727 9.28935 135.727 9.28941 135.727 9.2897 62.9884 0.449744 62.9887 0.449512 24137.3 850.75 
-7.19404 83.4182 -7.19404 83.4182 -7.19404 83.4181 -5.93443 38.3138 -5.9344 38.3139 850.75 10466 


