20	0 0 0 3.37451e-280 0 1 0 0 0 0 0 0 2.14121e-154 0 2.49968e-165 0 4.34608e-142 0 0 0 

20 20	0.666999 2.74721e-183 1.20788e-102 0 0 0.00303576 0.439621 0 3.12482e-299 0 0 2.16856e-107 0 0 0 8.58337e-194 0 5.45636e-251 4.23175e-290 2.24023e-274 
0 0.524601 0.0251655 0 1.67925e-32 0.0373041 1.14024e-264 4.81181e-149 0 0 0 0 0 0 0 0 0 0 9.79703e-312 5.66176e-250 
9.08895e-50 0.442324 0.655018 0 7.69971e-68 0.000396363 0.00321961 1.81687e-273 0 0 0 0 0 0 0 0 0 0 2.68914e-298 2.28089e-67 
3.99873e-187 0 0 0.837031 6.88455e-137 0 0 0.0367573 0 0.189853 0.0290239 0 0 0 1.48791e-134 0 0 1.20216e-181 1.89301e-213 0 
0.00492115 6.96496e-101 0.0204358 0 0.727284 7.41285e-285 3.18441e-247 0.0353596 0 0.00761921 0.026478 1.69235e-146 0.0215457 0.0331409 6.99577e-209 0.0300181 4.01057e-257 0.00384063 0.0301769 2.2184e-298 
4.33061e-188 0 0 0.159562 6.35587e-111 0.80117 9.59677e-135 5.02083e-283 0 9.39802e-10 0.00799751 0 0.215234 0 0.21581 0 0.321137 3.9844e-213 1.28457e-322 0 
0.00599147 4.9868e-196 0 0 0 0.0386039 0.473807 0 2.99157e-246 0 0 5.37851e-151 0 0 0 0 0 0 0 0 
0.0143868 0.0330744 0.0455116 0 0.0559735 0.000918638 2.36709e-61 0.794196 3.46827e-73 3.58871e-278 2.23852e-29 0.0266856 1.40621e-291 0.0214836 0 0.0239042 0 0.0152848 0.012531 0.00910119 
0 0 0 0 0 0.0394043 1.23616e-271 0 0.478362 0 0 1.42868e-170 0 0.00168883 0 0 0 0.00589927 0 2.77629e-270 
0.0084301 0 0.0306877 2.04722e-152 0.041727 0 0 0.00811456 0 0.802527 2.1297e-66 0 0 0.0254666 0 0.0225714 0 0.00658207 0.0211634 0 
0.0958687 4.39292e-101 0.0434765 0.00340686 0.0333499 3.07592e-148 0.033423 0.113334 4.56953e-116 0 0.62923 1.33304e-216 0.00486523 0.0270173 8.90611e-119 0.0258758 0 0.103216 0.0399354 4.27489e-99 
0 0 0 0 0.00252173 0.0391662 3.26909e-228 8.36286e-200 1.00691e-116 0 0 0.517315 0 0.0136844 0 0.0142653 0 0 0 0 
0.130476 1.48195e-199 0.0181157 0 0.104867 0.000982542 2.00902e-111 1.33101e-178 1.96371e-170 3.04727e-250 2.33729e-28 0 0.758355 0.0648364 4.88557e-291 0.0698849 2.4908e-293 0.111878 0.121016 2.50735e-104 
3.84379e-269 0 5.56233e-308 0 0.00330131 0.00104645 0 1.93673e-268 0.146487 0 0 0.150905 0 0.754242 0 1.74761e-126 0 0.00386267 0 0 
8.2339e-86 0 1.3207e-100 0 0.0225822 0 4.28125e-247 0.0122388 0 0 0.30727 0 2.60535e-63 1.01172e-24 0.78419 9.15746e-21 0 6.2774e-147 2.57999e-44 0 
0.00384263 0 0 0 0.00336254 0.000367237 0.00697867 5.20446e-281 1.26674e-180 0 0 0.305094 0 5.56407e-21 0 0.741041 0 1.59669e-236 0 0 
0.069084 0 0.00281546 0 7.21766e-307 0.000859184 0.0429501 0 7.49615e-57 0 0 0 0 0.0584402 0 0.0724392 0.678863 0.0702587 0.116795 1.03769e-174 
1.90562e-299 2.56292e-312 0 0 0 0.00318447 2.07042e-221 0 0.375151 0 0 7.23224e-141 0 1.51743e-177 0 0 0 0.676165 1.73315e-143 0.00291286 
1.44493e-41 1.45178e-152 0.158774 0 0.0050305 0.000121605 0 2.07175e-235 1.33649e-297 0 2.1467e-249 0 1.99161e-261 3.0935e-265 0 1.68162e-242 0 0.00301274 0.652381 0.433953 
0 3.66637e-74 3.23035e-21 0 3.75948e-162 0.0334396 0 0 2.69848e-211 0 0 0 0 0 0 0 0 0 0.00600166 0.554033 


6	0.250418 -0.149926 -1.12938 -0.551525 -0.30335 -2.15158 
6 6	0.872434 0.0520149 0.0684773 0.0194798 0.0711233 0.00176584 
0.0520149 0.185813 0.075329 -0.0778483 0.238017 0.0430167 
0.0684773 0.075329 0.747258 -0.336905 0.0287993 0.303833 
0.0194798 -0.0778483 -0.336905 0.626833 -0.167732 -0.793067 
0.0711233 0.238017 0.0287993 -0.167732 0.642664 0.31108 
0.00176584 0.0430167 0.303833 -0.793067 0.31108 2.44878 


6	-0.0992644 2.24198 -1.24838 0.355254 0.175926 -0.0929761 
6 6	0.889868 0.0497238 -0.209577 0.364989 0.00478061 -0.00739436 
0.0497238 0.732773 0.155221 0.397651 0.0158838 0.03527 
-0.209577 0.155221 1.52981 -0.365606 0.017862 0.106162 
0.364989 0.397651 -0.365606 0.773023 0.0249128 -0.0147351 
0.00478061 0.0158838 0.017862 0.0249128 0.0266658 -0.00852999 
-0.00739436 0.03527 0.106162 -0.0147351 -0.00852999 0.0260005 


6	-0.0421159 1.40411 -0.878403 0.452337 2.26075 -1.46974 
6 6	0.874602 -0.0145329 -0.0588837 0.288564 0.140026 -0.162312 
-0.0145329 0.709133 -0.00111805 0.126078 -0.0754359 0.622647 
-0.0588837 -0.00111805 0.738902 -0.120487 0.230719 0.504213 
0.288564 0.126078 -0.120487 0.656175 0.58593 -0.295784 
0.140026 -0.0754359 0.230719 0.58593 2.17254 -0.593839 
-0.162312 0.622647 0.504213 -0.295784 -0.593839 2.56428 


6	-1.15628 4.37022e-05 4.89697e-05 0.220902 -3.27735e-05 7.74321e-05 
6 6	0.0261652 -3.84656e-06 -7.3872e-08 0.039182 9.75908e-06 1.30437e-06 
-3.84656e-06 0.00457969 2.04556e-06 -3.52205e-05 0.00473473 -5.40637e-06 
-7.3872e-08 2.04556e-06 0.00959703 1.80385e-05 2.47386e-06 0.007288 
0.039182 -3.52205e-05 1.80385e-05 0.242622 -2.56319e-05 3.89555e-05 
9.75908e-06 0.00473473 2.47386e-06 -2.56319e-05 0.0101531 5.74053e-06 
1.30437e-06 -5.40637e-06 0.007288 3.89555e-05 5.74053e-06 0.0272392 


6	-0.28198 -0.00719628 0.00799381 0.0447331 -0.000392171 0.000401557 
6 6	0.402317 0.00585277 -0.00444066 -0.113488 0.000294454 -0.000341316 
0.00585277 0.363846 0.00681834 -0.00176171 0.0270125 0.000459166 
-0.00444066 0.00681834 0.247143 0.00445195 0.000294257 0.016594 
-0.113488 -0.00176171 0.00445195 0.298131 -2.2801e-05 0.000312813 
0.000294454 0.0270125 0.000294257 -2.2801e-05 0.00312762 1.719e-05 
-0.000341316 0.000459166 0.016594 0.000312813 1.719e-05 0.00186576 


6	0.196818 -1.82765e-17 1.0875e-17 -0.0599482 -1.5841e-17 -2.46484e-17 
6 6	1.04952 -1.58895e-17 2.38046e-17 0.119046 1.00295e-44 -2.41683e-45 
-1.58895e-17 0.763525 5.79621e-18 5.18775e-18 -5.59915e-47 -1.5001e-47 
2.38046e-17 5.79621e-18 0.865737 4.03746e-17 7.17953e-47 3.9155e-47 
0.119046 5.18775e-18 4.03746e-17 1.15312 -6.76377e-46 1.18438e-46 
1.00295e-44 -5.59915e-47 7.17953e-47 -6.76377e-46 2.96718e-60 -7.53739e-61 
-2.41683e-45 -1.5001e-47 3.9155e-47 1.18438e-46 -7.53739e-61 1.91469e-61 


6	0.206307 -0.282717 -1.67816 -0.870176 -0.03278 -0.202348 
6 6	1.07194 0.0522621 0.0491114 -0.00788689 0.0100281 0.00654452 
0.0522621 0.515389 0.20595 -0.212995 0.0535279 0.0207554 
0.0491114 0.20595 1.49201 -0.869347 0.0211086 0.110456 
-0.00788689 -0.212995 -0.869347 0.673304 -0.0231133 -0.076035 
0.0100281 0.0535279 0.0211086 -0.0231133 0.0119739 0.00710355 
0.00654452 0.0207554 0.110456 -0.076035 0.00710355 0.0540379 


6	-0.849524 0.0232431 -0.00192737 -0.373801 0.0206505 -0.00223537 
6 6	0.124056 0.00616341 2.26185e-05 -0.0288466 0.00680183 -0.000381966 
0.00616341 0.366937 -0.00126571 -0.00947095 0.347333 -0.000205438 
2.26185e-05 -0.00126571 0.128337 -0.000679929 -0.000521767 0.0755595 
-0.0288466 -0.00947095 -0.000679929 0.156665 -0.00924065 -0.000573557 
0.00680183 0.347333 -0.000521767 -0.00924065 0.44366 -6.86326e-05 
-0.000381966 -0.000205438 0.0755595 -0.000573557 -6.86326e-05 0.0686217 


6	0.080586 -1.08286 2.06085 -0.274081 -0.0718344 0.189797 
6 6	0.999823 0.204536 0.0967438 0.0670286 0.0137254 0.00636776 
0.204536 1.48651 -0.0168509 -0.715035 0.0578292 0.0442381 
0.0967438 -0.0168509 1.14542 0.668344 -0.00101589 0.0496466 
0.0670286 -0.715035 0.668344 0.943714 -0.0264644 0.00831172 
0.0137254 0.0578292 -0.00101589 -0.0264644 0.0108733 -0.00710774 
0.00636776 0.0442381 0.0496466 0.00831172 -0.00710774 0.04344 


6	-1.05851 0.00341705 -0.00350439 0.792012 0.010273 -0.00694319 
6 6	0.0374203 0.000245337 -8.48153e-05 0.0729221 5.77696e-05 4.46042e-05 
0.000245337 0.0967671 -0.00199459 0.000264158 0.156771 -0.00389323 
-8.48153e-05 -0.00199459 0.0977583 -0.000562879 -0.00647761 0.100109 
0.0729221 0.000264158 -0.000562879 0.214949 -0.000231906 -0.000563083 
5.77696e-05 0.156771 -0.00647761 -0.000231906 0.32871 -0.0136281 
4.46042e-05 -0.00389323 0.100109 -0.000563083 -0.0136281 0.208744 


6	-0.651293 0.00614361 -0.00597981 -0.333981 0.014213 -0.0141978 
6 6	0.113586 -0.000424037 -6.25376e-06 0.138115 -0.000645469 -0.000667341 
-0.000424037 0.052642 -0.00229832 0.00119947 0.111586 -0.00504507 
-6.25376e-06 -0.00229832 0.105475 0.000616278 -0.0060068 0.219956 
0.138115 0.00119947 0.000616278 0.530688 0.0015067 -0.00045187 
-0.000645469 0.111586 -0.0060068 0.0015067 0.352856 -0.0153227 
-0.000667341 -0.00504507 0.219956 -0.00045187 -0.0153227 0.733113 


6	0.120714 -2.38338 -0.53816 0.433962 -0.211285 -0.0284192 
6 6	1.02922 0.0173979 0.044778 0.275431 -0.0126756 0.002123 
0.0173979 0.579734 0.10123 -0.433121 0.00625383 -0.000235798 
0.044778 0.10123 1.72126 -0.290131 -0.0421274 0.0746504 
0.275431 -0.433121 -0.290131 0.762542 -0.00737765 -0.0114942 
-0.0126756 0.00625383 -0.0421274 -0.00737765 0.0377779 0.000987235 
0.002123 -0.000235798 0.0746504 -0.0114942 0.000987235 0.010284 


6	0.288973 0.00227465 -0.00195815 -0.0619365 0.000530277 -0.000868392 
6 6	0.121946 0.000621401 -1.11648e-05 -0.0340082 0.000309653 -2.3335e-06 
0.000621401 0.0631838 -0.00195791 0.000135929 0.0617612 -0.00102991 
-1.11648e-05 -0.00195791 0.152937 -0.00326453 -0.00215738 0.0857045 
-0.0340082 0.000135929 -0.00326453 0.761474 -0.00178647 -0.0027019 
0.000309653 0.0617612 -0.00215738 -0.00178647 0.0997731 -0.00129606 
-2.3335e-06 -0.00102991 0.0857045 -0.0027019 -0.00129606 0.0893036 


6	0.21662 -1.21862 0.772142 0.696745 -2.18866 1.219 
6 6	0.949809 0.131637 -0.0759502 0.253417 -0.0140454 -0.0531577 
0.131637 0.740795 -0.297572 -0.0440305 0.0480039 0.207719 
-0.0759502 -0.297572 0.515736 0.0993146 0.0357529 0.2292 
0.253417 -0.0440305 0.0993146 0.778526 -0.366056 0.263215 
-0.0140454 0.0480039 0.0357529 -0.366056 2.07255 -0.94304 
-0.0531577 0.207719 0.2292 0.263215 -0.94304 1.47556 


6	-0.788284 -0.000224636 0.000125919 -0.665251 -0.000227496 0.000102983 
6 6	0.13821 -8.93808e-07 2.09078e-05 0.220439 4.05673e-05 -1.48239e-06 
-8.93808e-07 0.0106796 2.38855e-05 -0.000102365 0.0094585 2.59996e-05 
2.09078e-05 2.38855e-05 0.0192382 0.000155446 1.75211e-05 0.0112312 
0.220439 -0.000102365 0.000155446 0.654918 -7.74423e-05 3.54718e-05 
4.05673e-05 0.0094585 1.75211e-05 -7.74423e-05 0.0159239 3.1262e-05 
-1.48239e-06 2.59996e-05 0.0112312 3.54718e-05 3.1262e-05 0.0207031 


6	0.308553 -1.15139 -0.722595 0.646768 -2.22509 -1.16085 
6 6	0.959431 0.125603 0.117235 0.158119 0.0185567 0.0927998 
0.125603 0.671153 0.314969 -0.0773544 0.106629 -0.111304 
0.117235 0.314969 0.512885 -0.123981 -0.0226067 0.278859 
0.158119 -0.0773544 -0.123981 0.7839 -0.376741 -0.341309 
0.0185567 0.106629 -0.0226067 -0.376741 2.03356 0.891371 
0.0927998 -0.111304 0.278859 -0.341309 0.891371 1.48071 


6	1.62324 -0.00421477 -8.82266e-05 0.413999 -0.00467134 -0.000296378 
6 6	0.132786 -0.000726732 -0.000478625 -0.0277544 0.000396612 -7.18663e-05 
-0.000726732 0.139245 -0.00166275 0.00488903 0.0809251 -0.000779031 
-0.000478625 -0.00166275 0.206281 -0.0027515 -0.000979534 0.073616 
-0.0277544 0.00488903 -0.0027515 2.04552 0.001187 -3.33961e-05 
0.000396612 0.0809251 -0.000979534 0.001187 0.101959 -0.000395246 
-7.18663e-05 -0.000779031 0.073616 -3.33961e-05 -0.000395246 0.0803847 


6	0.253509 -0.172879 1.21758 -0.498507 -0.381428 2.19392 
6 6	0.918315 0.0266358 -0.0485455 0.0682049 0.00619234 0.029334 
0.0266358 0.170967 -0.046978 -0.0541607 0.205357 -0.020982 
-0.0485455 -0.046978 0.740125 0.30023 0.0572731 0.236727 
0.0682049 -0.0541607 0.30023 0.611187 -0.115095 0.768699 
0.00619234 0.205357 0.0572731 -0.115095 0.528293 -0.284224 
0.029334 -0.020982 0.236727 0.768699 -0.284224 2.48288 


6	0.473449 0.758163 0.586005 0.549277 1.94417 1.15569 
6 6	0.90663 -0.0457381 -0.233372 0.115399 -0.0140973 -0.438451 
-0.0457381 0.420867 0.290125 0.118044 0.321001 0.166785 
-0.233372 0.290125 0.646041 0.0361651 0.116332 0.751372 
0.115399 0.118044 0.0361651 0.95591 0.390198 0.0132766 
-0.0140973 0.321001 0.116332 0.390198 1.58496 0.733022 
-0.438451 0.166785 0.751372 0.0132766 0.733022 2.81195 


6	0.233703 1.88714 1.64015 0.217457 0.241325 0.172506 
6 6	0.998664 -0.00451593 -0.311071 0.120413 -0.0042086 -0.0448394 
-0.00451593 0.751871 0.233035 0.624371 0.0327419 -0.0350046 
-0.311071 0.233035 1.15722 0.462596 -0.0314972 0.0833848 
0.120413 0.624371 0.462596 0.905042 0.0190972 -0.00345873 
-0.0042086 0.0327419 -0.0314972 0.0190972 0.064894 0.0243279 
-0.0448394 -0.0350046 0.0833848 -0.00345873 0.0243279 0.0492726 


