5	0.0920347 2.64601e-12 7.86249e-13 1.78212e-13 0.907965 

5 5	0.319376 0.000246908 0.000629035 0.00607973 0.0114235 
0.0111007 0.345537 0.00348507 0.00434039 0.000642254 
0.0365028 0.0346202 0.400078 0.0139851 0.0021919 
0.0409876 0.0175794 0.00192114 0.309202 1.49983e-05 
0.592033 0.602017 0.593886 0.666393 0.985727 


12	1.22677e-16 7.88486e-17 1.22677e-16 7.88486e-17 1.22677e-16 7.88486e-17 1.22677e-16 7.88486e-17 3.64915e-16 2.03776e-16 -242.963 -125.696 
12 12	162.543 7.33974e-16 1.6918e-15 7.33974e-16 1.6918e-15 7.33974e-16 1.6918e-15 7.33974e-16 5.07539e-15 2.2019e-15 -5.82748e-13 1.23075e-12 
7.33974e-16 68.8354 2.53135e-24 7.68796e-24 2.53135e-24 7.68796e-24 2.53135e-24 7.68796e-24 -5.31581e-23 3.29457e-24 -3.39402e-06 -5.28634e-07 
1.6918e-15 2.53135e-24 162.543 7.63945e-33 1.76089e-32 7.63945e-33 1.76089e-32 7.63945e-33 5.28264e-32 2.29181e-32 -6.19025e-30 1.27907e-29 
7.33974e-16 7.68796e-24 7.63945e-33 68.8354 7.63945e-33 3.31431e-33 7.63945e-33 3.31431e-33 -1.68913e-22 9.9428e-33 -5.34812e-06 -5.90146e-07 
1.6918e-15 2.53135e-24 1.76089e-32 7.63945e-33 162.543 7.63945e-33 1.76089e-32 7.63945e-33 5.28264e-32 2.29181e-32 -6.19025e-30 1.27907e-29 
7.33974e-16 7.68796e-24 7.63945e-33 3.31431e-33 7.63945e-33 68.8354 7.63945e-33 3.31431e-33 7.1867e-31 9.9428e-33 2.327e-14 5.20121e-15 
1.6918e-15 2.53135e-24 1.76089e-32 7.63945e-33 1.76089e-32 7.63945e-33 162.543 7.63945e-33 3.82287e-32 2.38198e-32 1.37225e-15 7.32236e-17 
7.33974e-16 7.68796e-24 7.63945e-33 3.31431e-33 7.63945e-33 3.31431e-33 7.63945e-33 68.8354 2.29182e-32 9.9428e-33 -3.0105e-30 5.4985e-30 
5.07539e-15 -5.31581e-23 5.28264e-32 -1.68913e-22 5.28264e-32 7.1867e-31 3.82287e-32 2.29182e-32 162.542 6.87539e-32 -2.45165e-30 4.02865e-29 
2.2019e-15 3.29457e-24 2.29181e-32 9.9428e-33 2.29181e-32 9.9428e-33 2.38198e-32 9.9428e-33 6.87539e-32 68.8339 7.33529e-16 5.4536e-17 
-5.82748e-13 -3.39402e-06 -6.19025e-30 -5.34812e-06 -6.19025e-30 2.327e-14 1.37225e-15 -3.0105e-30 -2.45165e-30 7.33529e-16 11720.4 -6408.72 
1.23075e-12 -5.28634e-07 1.27907e-29 -5.90146e-07 1.27907e-29 5.20121e-15 7.32236e-17 5.4985e-30 4.02865e-29 5.4536e-17 -6408.72 8330.59 


12	2.55384e-16 1.3642e-16 2.55384e-16 1.3642e-16 2.55384e-16 1.3642e-16 2.55384e-16 1.3642e-16 1.10589e-17 3.18918e-16 40.4185 88.4268 
12 12	162.543 1.46795e-15 3.38361e-15 1.46795e-15 3.38361e-15 1.46795e-15 3.38361e-15 1.46795e-15 5.63932e-16 3.66983e-15 -1.06936e-13 -1.87616e-13 
1.46795e-15 68.8354 -2.07088e-24 1.25504e-23 -2.07088e-24 1.25504e-23 -2.07088e-24 1.25504e-23 4.82142e-24 4.34867e-23 9.09739e-07 1.81978e-08 
3.38361e-15 -2.07088e-24 162.543 3.05578e-32 7.04355e-32 3.05578e-32 7.04355e-32 3.05578e-32 1.17392e-32 7.63936e-32 -2.25343e-30 -3.90608e-30 
1.46795e-15 1.25504e-23 3.05578e-32 68.8354 3.05578e-32 1.57274e-25 3.05578e-32 1.57274e-25 6.0419e-26 2.03994e-24 -3.26604e-21 -6.15494e-24 
3.38361e-15 -2.07088e-24 7.04355e-32 3.05578e-32 162.543 3.05578e-32 7.04355e-32 3.05578e-32 1.17392e-32 7.63936e-32 -2.25343e-30 -3.90608e-30 
1.46795e-15 1.25504e-23 3.05578e-32 1.57274e-25 3.05578e-32 68.8354 3.05578e-32 9.08023e-26 3.48829e-26 1.17776e-24 -1.88588e-21 -3.55719e-24 
3.38361e-15 -2.07088e-24 7.04355e-32 3.05578e-32 7.04355e-32 3.05578e-32 162.543 3.05578e-32 1.17392e-32 7.63936e-32 -2.25343e-30 -3.90608e-30 
1.46795e-15 1.25504e-23 3.05578e-32 1.57274e-25 3.05578e-32 9.08023e-26 3.05578e-32 68.8354 2.4666e-26 8.32803e-25 -1.33352e-21 -2.51532e-24 
5.63932e-16 4.82142e-24 1.17392e-32 6.0419e-26 1.17392e-32 3.48829e-26 1.17392e-32 2.4666e-26 162.542 9.91275e-25 -1.58727e-21 -2.99395e-24 
3.66983e-15 4.34867e-23 7.63936e-32 2.03994e-24 7.63936e-32 1.17776e-24 7.63936e-32 8.32803e-25 9.91275e-25 68.8339 -1.88442e-06 -1.96295e-07 
-1.06936e-13 9.09739e-07 -2.25343e-30 -3.26604e-21 -2.25343e-30 -1.88588e-21 -2.25343e-30 -1.33352e-21 -1.58727e-21 -1.88442e-06 33986.7 1785.91 
-1.87616e-13 1.81978e-08 -3.90608e-30 -6.15494e-24 -3.90608e-30 -3.55719e-24 -3.90608e-30 -2.51532e-24 -2.99395e-24 -1.96295e-07 1785.91 4758.69 


12	-1.00289e-17 1.93991e-16 -1.00289e-17 1.93991e-16 -1.00289e-17 1.93991e-16 -1.00289e-17 1.93991e-16 9.95298e-17 -8.40799e-17 -17.0502 88.3566 
12 12	162.543 0 0 0 0 0 0 0 0 0 0 0 
0 68.8354 0 1.43293e-15 0 1.43293e-15 0 1.43293e-15 1.10096e-15 -9.55273e-16 -3.20848e-14 -3.55725e-13 
0 0 162.543 0 0 0 0 0 0 0 0 0 
0 1.43293e-15 0 68.8354 0 2.98287e-32 0 2.98287e-32 2.29182e-32 -1.98856e-32 -6.67899e-31 -7.40501e-30 
0 0 0 0 162.543 0 0 0 0 0 0 0 
0 1.43293e-15 0 2.98287e-32 0 68.8354 0 2.98287e-32 2.29182e-32 -1.98856e-32 -6.67899e-31 -7.40501e-30 
0 0 0 0 0 0 162.543 0 0 0 0 0 
0 1.43293e-15 0 2.98287e-32 0 2.98287e-32 0 68.8354 2.29182e-32 -1.98856e-32 -6.67899e-31 -7.40501e-30 
0 1.10096e-15 0 2.29182e-32 0 2.29182e-32 0 2.29182e-32 162.542 -1.52787e-32 -5.13165e-31 -5.68947e-30 
0 -9.55273e-16 0 -1.98856e-32 0 -1.98856e-32 0 -1.98856e-32 -1.52787e-32 68.8339 6.55519e-07 -1.0494e-07 
0 -3.20848e-14 0 -6.67899e-31 0 -6.67899e-31 0 -6.67899e-31 -5.13165e-31 6.55519e-07 15085.9 2288.85 
0 -3.55725e-13 0 -7.40501e-30 0 -7.40501e-30 0 -7.40501e-30 -5.68947e-30 -1.0494e-07 2288.85 5012.11 


12	-1.42708e-16 1.3642e-16 -1.42708e-16 1.3642e-16 -1.42708e-16 1.3642e-16 -1.42708e-16 1.3642e-16 -3.31766e-17 -2.56766e-16 -63.7469 -5.29968 
12 12	162.543 -1.46795e-15 1.6918e-15 -1.46795e-15 1.6918e-15 -1.46795e-15 1.6918e-15 -1.46795e-15 0 3.66983e-15 -5.42388e-13 -3.10532e-14 
-1.46795e-15 68.8354 -1.52789e-32 1.32572e-32 -1.52789e-32 1.32572e-32 -1.52789e-32 1.32572e-32 0 -3.31427e-32 4.89837e-30 2.80445e-31 
1.6918e-15 -1.52789e-32 162.543 -1.52789e-32 4.33398e-24 -1.52789e-32 4.33398e-24 -1.52789e-32 0 -1.68752e-22 2.05608e-07 -2.61807e-06 
-1.46795e-15 1.32572e-32 -1.52789e-32 68.8354 -1.52789e-32 1.32572e-32 -1.52789e-32 1.32572e-32 0 -3.31427e-32 4.89837e-30 2.80445e-31 
1.6918e-15 -1.52789e-32 4.33398e-24 -1.52789e-32 162.543 -1.52789e-32 4.1691e-32 -1.52789e-32 0 -3.10135e-30 -2.05461e-14 -7.14674e-14 
-1.46795e-15 1.32572e-32 -1.52789e-32 1.32572e-32 -1.52789e-32 68.8354 -1.52789e-32 1.32572e-32 0 -3.31427e-32 4.89837e-30 2.80445e-31 
1.6918e-15 -1.52789e-32 4.33398e-24 -1.52789e-32 4.1691e-32 -1.52789e-32 162.543 -1.52789e-32 0 3.81968e-32 -5.63988e-30 -3.9302e-31 
-1.46795e-15 1.32572e-32 -1.52789e-32 1.32572e-32 -1.52789e-32 1.32572e-32 -1.52789e-32 68.8354 0 -3.31427e-32 1.55369e-22 5.29366e-22 
0 0 0 0 0 0 0 0 162.542 0 0 0 
3.66983e-15 -3.31427e-32 -1.68752e-22 -3.31427e-32 -3.10135e-30 -3.31427e-32 3.81968e-32 -3.31427e-32 0 68.8339 6.95739e-07 3.25776e-06 
-5.42388e-13 4.89837e-30 2.05608e-07 4.89837e-30 -2.05461e-14 4.89837e-30 -5.63988e-30 1.55369e-22 0 6.95739e-07 13889.3 1656.56 
-3.10532e-14 2.80445e-31 -2.61807e-06 2.80445e-31 -7.14674e-14 2.80445e-31 -3.9302e-31 5.29366e-22 0 3.25776e-06 1656.56 10675.6 


12	-3.1965e-16 -1.51436e-16 -3.1965e-16 -1.51436e-16 -3.1965e-16 -1.51436e-16 -3.1965e-16 -1.51436e-16 -2.54354e-16 -8.40799e-17 32.0424 27.0015 
12 12	162.543 2.20192e-15 3.94754e-15 2.20192e-15 3.94754e-15 2.20192e-15 3.94754e-15 2.20192e-15 2.81966e-15 1.46793e-15 -6.07787e-13 -1.59735e-13 
2.20192e-15 68.8354 5.34761e-32 2.98287e-32 5.34761e-32 2.98287e-32 5.34761e-32 2.98287e-32 3.81971e-32 1.98856e-32 -8.2335e-30 -2.16388e-30 
3.94754e-15 5.34761e-32 162.543 -6.3074e-27 7.08516e-24 -6.3074e-27 7.08516e-24 -6.3074e-27 -1.51497e-23 -3.15701e-23 -1.06245e-06 9.90504e-07 
2.20192e-15 2.98287e-32 -6.3074e-27 68.8354 5.34761e-32 2.98287e-32 5.34761e-32 2.98287e-32 3.81971e-32 1.98856e-32 -8.23346e-30 -2.16392e-30 
3.94754e-15 5.34761e-32 7.08516e-24 5.34761e-32 162.543 5.34507e-32 1.27114e-31 5.34507e-32 -2.56684e-31 3.2142e-31 5.04093e-15 4.96618e-15 
2.20192e-15 2.98287e-32 -6.3074e-27 2.98287e-32 5.34507e-32 68.8354 5.34761e-32 2.98287e-32 3.81971e-32 1.98856e-32 -8.23346e-30 -2.16392e-30 
3.94754e-15 5.34761e-32 7.08516e-24 5.34761e-32 1.27114e-31 5.34761e-32 162.543 -5.5813e-25 -1.26573e-20 4.76373e-21 8.95447e-05 9.78073e-05 
2.20192e-15 2.98287e-32 -6.3074e-27 2.98287e-32 5.34507e-32 2.98287e-32 -5.5813e-25 68.8354 3.81971e-32 1.98856e-32 -8.54093e-30 -2.49977e-30 
2.81966e-15 3.81971e-32 -1.51497e-23 3.81971e-32 -2.56684e-31 3.81971e-32 -1.26573e-20 3.81971e-32 162.542 2.54644e-32 -6.98334e-27 -7.61917e-27 
1.46793e-15 1.98856e-32 -3.15701e-23 1.98856e-32 3.2142e-31 1.98856e-32 4.76373e-21 1.98856e-32 2.54644e-32 68.8339 2.61905e-27 2.86485e-27 
-6.07787e-13 -8.2335e-30 -1.06245e-06 -8.23346e-30 5.04093e-15 -8.23346e-30 8.95447e-05 -8.54093e-30 -6.98334e-27 2.61905e-27 36106.9 196.157 
-1.59735e-13 -2.16388e-30 9.90504e-07 -2.16392e-30 4.96618e-15 -2.16392e-30 9.78073e-05 -2.49977e-30 -7.61917e-27 2.86485e-27 196.157 15457.6 


12 12	2.28187 0.0635923 -1.24292 0.0321838 -0.0192069 -0.0134357 0.0477835 -0.0531085 0.05744 0.0151655 0.14208 -0.0261296 
0.162904 2.13603 -0.102389 -0.810155 0.0700676 0.0115795 -0.0848444 -0.119712 0.030737 0.0794795 -0.032474 0.0974888 
1 1.0472e-16 -1.44003e-15 8.37055e-17 -8.41077e-16 2.73488e-16 1.05652e-15 -8.88779e-17 -4.98734e-16 3.35784e-17 -3.14598e-16 1.48299e-17 
9.17506e-18 1 2.73951e-16 -1.29671e-16 5.79083e-17 -1.34266e-15 -4.82605e-17 -1.05859e-16 -3.48207e-17 4.94059e-16 4.14301e-17 8.63025e-17 
-6.26423e-17 9.17675e-17 1 4.66173e-17 4.79003e-16 1.61462e-16 3.77734e-18 2.64063e-18 -3.18924e-16 -8.11585e-18 -1.66118e-16 -9.26654e-18 
8.01903e-17 -1.27998e-15 1.03406e-16 1 8.15947e-18 -1.33395e-15 7.87944e-17 -4.78824e-16 -1.02521e-16 8.02845e-16 -3.40846e-18 1.27556e-16 
-2.35481e-16 4.39576e-17 -2.4583e-16 2.07574e-17 1 6.1002e-17 9.9886e-16 -2.12095e-17 -7.28179e-16 5.19176e-17 -9.63955e-17 -5.31428e-18 
9.64872e-17 -9.73722e-16 -1.09504e-17 8.817e-16 2.73507e-18 1 6.67767e-17 -1.12184e-16 -8.69567e-17 8.5756e-16 -5.07542e-18 7.09746e-17 
-1.3442e-15 -2.05529e-16 2.32685e-14 5.65829e-16 -4.8731e-14 -1.30898e-15 1 -2.23966e-15 -1.03305e-14 3.00217e-15 -8.76393e-16 3.0601e-16 
-2.01275e-16 -9.78883e-15 4.31038e-16 2.07225e-16 6.70766e-16 2.97352e-14 1.0409e-15 1.00001 -1.30516e-15 -3.15347e-15 -3.75646e-16 1.1714e-15 
-0.27276 -0.00760143 0.148571 -0.00384705 0.00229587 0.00160602 -0.00571175 0.00634826 -0.00686602 -0.00181278 0.983017 0.00312337 
-0.0197888 -0.259474 0.0124377 0.0984137 -0.00851147 -0.00140662 0.0103065 0.014542 -0.00373378 -0.00965478 0.00394478 0.988158 

12	-3.31585 -2.20495 -3.77501 -2.37837 -3.77501 -2.37837 -3.77501 -2.37837 -3.76251 -2.37022 -366.27 -468.844 
12 12	196.358 1.13454 3.24826e-13 -7.04615e-14 2.88735e-13 -4.99102e-14 1.98505e-13 -3.66987e-14 9.02291e-14 -1.57803e-14 -33.8146 -1.13454 
1.13454 86.4912 -7.33974e-14 1.52845e-13 -4.99102e-14 1.22276e-13 -2.7891e-14 1.06992e-13 -3.48636e-15 2.48371e-13 -1.13454 -17.6558 
3.24826e-13 -7.33974e-14 162.543 -5.28461e-14 1.98505e-13 -3.81666e-14 1.35344e-13 -2.8625e-14 9.02291e-14 -1.37619e-14 1.50969e-12 -6.34428e-14 
-7.04615e-14 1.52845e-13 -5.28461e-14 68.8354 -3.81666e-14 7.64227e-14 -2.27532e-14 6.49593e-14 -6.88097e-15 4.2032e-14 -1.68858e-13 4.40385e-13 
2.88735e-13 -4.99102e-14 1.98505e-13 -3.81666e-14 162.543 -2.7891e-14 1.08275e-13 -1.98173e-14 7.21833e-14 -9.35806e-15 1.05678e-12 -4.53163e-14 
-4.99102e-14 1.22276e-13 -3.81666e-14 7.64227e-14 -2.7891e-14 68.8354 -1.61474e-14 4.58536e-14 -4.58731e-15 2.67476e-14 -1.04385e-13 3.14561e-13 
1.98505e-13 -2.7891e-14 1.35344e-13 -2.27532e-14 1.08275e-13 -1.61474e-14 162.543 -1.10096e-14 6.31604e-14 -4.77078e-15 7.54846e-13 -1.6616e-14 
-3.66987e-14 1.06992e-13 -2.8625e-14 6.49593e-14 -1.98173e-14 4.58536e-14 -1.10096e-14 68.8354 -2.20191e-15 1.52844e-14 -5.52627e-14 2.51649e-13 
9.02291e-14 -3.48636e-15 9.02291e-14 -6.88097e-15 7.21833e-14 -4.58731e-15 6.31604e-14 -2.20191e-15 168.747 -0.0456254 -22.3567 3.50532 
-1.57803e-14 2.48371e-13 -1.37619e-14 4.2032e-14 -9.35806e-15 2.67476e-14 -4.77078e-15 1.52844e-14 -0.0456254 68.8342 0.164385 -0.025774 
-33.8146 -1.13454 1.50969e-12 -1.68858e-13 1.05678e-12 -1.04385e-13 7.54846e-13 -5.52627e-14 -22.3567 0.164385 11490.3 -11.4949 
-1.13454 -17.6558 -6.34428e-14 4.40385e-13 -4.53163e-14 3.14561e-13 -1.6616e-14 2.51649e-13 3.50532 -0.025774 -11.4949 4684.48 


12 12	0.0321719 0.0102071 -0.0415486 0.128349 0.359503 0.117066 -1.10639 -0.328795 0.405958 0.21462 3.025 -0.456524 
0.0667777 0.413185 0.0338107 0.0450394 0.128842 -0.084049 -0.117072 -0.577691 -0.0498433 0.435364 0.112393 1.58695 
1 9.67777e-17 3.2761e-16 -1.27791e-16 1.30211e-15 -1.05585e-15 -9.35131e-15 -4.66274e-16 4.67409e-15 -2.64273e-16 -1.55536e-15 5.8946e-16 
3.69577e-17 1 -2.10796e-16 1.06913e-15 -5.98209e-17 -1.82562e-15 -4.78025e-16 1.20303e-15 1.1769e-16 -2.18001e-15 -1.68051e-18 -1.51788e-17 
3.22786e-16 4.33478e-17 1 2.78631e-17 7.99359e-16 -9.30513e-16 -5.78087e-15 -4.7772e-16 2.3998e-15 -1.05662e-16 -4.40362e-16 1.87987e-16 
4.14165e-17 -2.33022e-16 -7.62872e-17 1 -2.25616e-16 3.43557e-16 -2.42455e-16 -1.41515e-16 1.53306e-16 -1.86418e-15 -1.9868e-17 4.4127e-17 
6.58945e-17 1.37473e-17 -2.67515e-16 1.06425e-16 1 -5.79912e-16 -2.69914e-15 -3.95288e-16 8.24305e-16 -2.28394e-17 -5.34275e-17 5.00766e-17 
2.83587e-17 -2.00957e-16 -6.23823e-17 4.74955e-16 -1.69854e-16 1 -1.68187e-16 4.52641e-16 1.25009e-16 -1.90966e-15 -1.53686e-17 3.58329e-17 
-2.05133e-15 1.35619e-16 -2.77246e-15 1.48412e-15 2.89138e-14 -7.54522e-15 1 5.79743e-15 1.36331e-14 -2.44792e-16 -2.41207e-15 1.16735e-15 
-1.38897e-15 7.68477e-15 -1.67726e-15 -4.53879e-15 9.47214e-15 -3.80733e-14 -1.05353e-14 1.00001 3.57074e-15 -4.15609e-14 1.22272e-15 -2.44761e-15 
-0.00384563 -0.00122009 0.00496646 -0.015342 -0.0429728 -0.0139933 0.132252 0.0393021 -0.0485257 -0.0256543 0.63841 0.05457 
-0.00811183 -0.0501917 -0.00410716 -0.00547116 -0.0156511 0.0102099 0.0142213 0.0701751 0.00605472 -0.0528859 -0.0136529 0.807225 

12	-2.26228 -1.59522 -3.77501 -2.37837 -3.77501 -2.37837 -3.77501 -2.37837 -3.76251 -2.37022 -367.323 -469.453 
12 12	301.733 3.84479 1.15494e-12 2.11384e-13 1.15494e-12 1.58538e-13 5.77469e-13 1.26243e-13 7.21833e-14 5.76163e-14 -139.189 -3.84479 
3.84479 97.5996 3.75795e-13 6.11381e-14 3.52307e-13 9.17072e-14 2.11384e-13 7.64227e-14 2.74926e-31 3.82109e-13 -3.84479 -28.7642 
1.15494e-12 3.75795e-13 162.543 3.2882e-13 2.02114e-12 2.46615e-13 1.15494e-12 1.93953e-13 8.662e-13 1.49729e-13 3.62326e-12 -4.83374e-14 
2.11384e-13 6.11381e-14 3.2882e-13 68.8354 3.05333e-13 6.11381e-14 1.87897e-13 4.58536e-14 1.08628e-13 6.11375e-14 4.91224e-13 1.25824e-13 
1.15494e-12 3.52307e-13 2.02114e-12 3.05333e-13 162.543 2.34872e-13 1.15494e-12 1.73218e-13 8.662e-13 1.30646e-13 3.01938e-12 -4.83374e-14 
1.58538e-13 9.17072e-14 2.46615e-13 6.11381e-14 2.34872e-13 68.8354 1.35051e-13 3.05691e-14 8.36726e-14 4.58531e-14 3.68418e-13 1.25824e-13 
5.77469e-13 2.11384e-13 1.15494e-12 1.87897e-13 1.15494e-12 1.35051e-13 162.543 1.05692e-13 5.05283e-13 8.11032e-14 1.66066e-12 2.54593e-29 
1.26243e-13 7.64227e-14 1.93953e-13 4.58536e-14 1.73218e-13 3.05691e-14 1.05692e-13 68.8354 6.38554e-14 4.58531e-14 2.94735e-13 1.25824e-13 
7.21833e-14 2.74926e-31 8.662e-13 1.08628e-13 8.662e-13 8.36726e-14 5.05283e-13 6.38554e-14 171.243 0.072272 -74.9631 -12.327 
5.76163e-14 3.82109e-13 1.49729e-13 6.11375e-14 1.30646e-13 4.58531e-14 8.11032e-14 4.58531e-14 0.072272 68.8345 -0.62261 -0.102383 
-139.189 -3.84479 3.62326e-12 4.91224e-13 3.01938e-12 3.68418e-13 1.66066e-12 2.94735e-13 -74.9631 -0.62261 12160.9 110.04 
-3.84479 -28.7642 -4.83374e-14 1.25824e-13 -4.83374e-14 1.25824e-13 2.54593e-29 1.25824e-13 -12.327 -0.102383 110.04 4711.07 


12 12	0.45506 -0.0135767 -0.030151 0.0562295 -0.0673089 0.168636 -0.396647 -0.288421 0.356408 0.118608 1.39565 -0.0900082 
0.0562176 0.413276 0.0427449 0.00918731 0.139205 -0.000937338 -0.211855 -0.514793 0.0944666 0.405732 0.000321519 1.49998 
1 -8.19928e-18 -1.72855e-15 3.30953e-16 8.30951e-16 -8.98236e-16 -2.11885e-15 6.92521e-16 9.8619e-16 -7.07442e-18 4.16876e-16 -1.23165e-16 
5.97368e-16 1 -1.56328e-15 1.17088e-15 2.91108e-16 1.51165e-16 7.28313e-16 -2.44517e-15 -5.40475e-16 7.52003e-16 2.95445e-16 -2.02963e-16 
1.30417e-15 -1.31968e-16 1 4.78926e-16 1.51238e-15 -1.19301e-15 -2.18513e-15 8.87464e-16 1.01043e-15 7.90045e-17 1.30782e-16 -2.75523e-17 
4.04489e-16 3.43231e-16 -1.09338e-15 1 -6.34495e-17 9.17354e-16 5.18615e-16 -1.8292e-15 -1.28451e-16 -5.65682e-17 1.60299e-16 -2.85254e-16 
7.27041e-16 -5.63412e-17 -2.04887e-15 2.9319e-16 1 -9.7963e-16 -2.06257e-15 9.94237e-16 1.28138e-15 -9.18353e-17 1.50657e-16 -3.54737e-17 
1.94262e-16 1.69027e-16 -8.01525e-16 2.52091e-16 9.74782e-17 1 3.93122e-16 -1.20914e-15 -9.75782e-18 -4.80085e-16 1.35932e-16 -1.51138e-16 
7.21134e-15 -1.5003e-15 -1.41461e-14 -1.36383e-15 2.54964e-14 3.68853e-15 1 4.03369e-15 2.53966e-14 -5.2814e-15 -1.53587e-15 2.65098e-16 
3.63899e-15 -3.38095e-15 -6.36173e-15 6.0833e-15 -1.77943e-15 3.12614e-15 2.07805e-14 1.00001 -1.94396e-14 2.71812e-14 -2.52263e-15 2.25362e-15 
-0.054395 0.00162287 0.00360406 -0.00672133 0.00804569 -0.0201577 0.0474128 0.0344761 -0.0426028 -0.0141777 0.833173 0.010759 
-0.00682904 -0.0502027 -0.00519244 -0.00111603 -0.0169099 0.000113863 0.0257351 0.0625345 -0.0114753 -0.0492864 -3.90565e-05 0.817789 

12	-3.51656 -3.05706 -3.77501 -2.37837 -3.77501 -2.37837 -3.77501 -2.37837 -3.76251 -2.37022 -366.069 -467.992 
12 12	231.706 9.13627 -2.88735e-13 -1.40923e-13 1.44367e-13 -2.34872e-14 1.80459e-13 2.34872e-14 -1.47976e-12 2.11382e-13 -69.1626 -9.13627 
9.13627 108.105 -9.39486e-14 -2.44553e-13 9.39486e-14 -1.22276e-13 8.22051e-14 -3.05691e-14 2.3487e-13 -6.26659e-13 -9.13627 -39.2699 
-2.88735e-13 -9.39486e-14 162.543 -8.10126e-46 4.33102e-13 9.39486e-14 4.33102e-13 1.05692e-13 3.24825e-13 5.87172e-14 -9.05815e-13 -2.90024e-13 
-1.40923e-13 -2.44553e-13 -8.10126e-46 68.8354 1.40923e-13 -1.83414e-13 1.17436e-13 -6.11381e-14 8.22047e-14 3.05687e-14 -4.91224e-13 -2.51649e-13 
1.44367e-13 9.39486e-14 4.33102e-13 1.40923e-13 162.543 1.87897e-13 6.49653e-13 1.52667e-13 4.331e-13 8.22041e-14 1.50969e-13 -4.83374e-14 
-2.34872e-14 -1.22276e-13 9.39486e-14 -1.83414e-13 1.87897e-13 68.8354 1.29179e-13 -4.20608e-43 8.80764e-14 3.05687e-14 -9.82449e-14 -2.51649e-13 
1.80459e-13 8.22051e-14 4.33102e-13 1.17436e-13 6.49653e-13 1.29179e-13 162.543 9.39486e-14 2.52642e-13 4.11021e-14 3.01938e-13 -3.6253e-14 
2.34872e-14 -3.05691e-14 1.05692e-13 -6.11381e-14 1.52667e-13 -4.20608e-43 9.39486e-14 68.8354 5.28459e-14 6.11375e-14 4.91224e-14 6.29122e-14 
-1.47976e-12 2.3487e-13 3.24825e-13 8.22047e-14 4.331e-13 8.80764e-14 2.52642e-13 5.28459e-14 164.248 0.312003 11.5462 4.992 
2.11382e-13 -6.26659e-13 5.87172e-14 3.05687e-14 8.22041e-14 3.05687e-14 4.11021e-14 6.11375e-14 0.312003 68.8909 2.11063 0.912528 
-69.1626 -9.13627 -9.05815e-13 -4.91224e-13 1.50969e-13 -9.82449e-14 3.01938e-13 4.91224e-14 11.5462 2.11063 11523.2 42.906 
-9.13627 -39.2699 -2.90024e-13 -2.51649e-13 -4.83374e-14 -2.51649e-13 -3.6253e-14 6.29122e-14 4.992 0.912528 42.906 4718.71 


12 12	0.389078 0.00205934 -0.0457866 0.0333728 -0.26351 0.146529 0.00150136 -0.181617 0.151002 -0.028828 1.65921 -0.0866074 
0.0420812 0.390499 0.0209677 -0.00804201 0.118411 -0.263961 -0.0525163 -0.15998 -0.0493534 0.362084 0.0566211 1.52464 
1 -4.88162e-17 1.48089e-15 -3.68622e-16 -4.01458e-15 8.07803e-16 9.25561e-17 3.67647e-16 -4.91848e-16 -1.69339e-17 -2.31071e-17 1.03677e-16 
-1.34685e-16 1 2.33659e-16 2.48155e-15 5.03578e-16 -5.03821e-15 1.3089e-16 2.0565e-15 2.05239e-16 -5.7479e-16 9.38919e-17 2.28116e-16 
5.34996e-16 -5.21162e-17 1 -5.39651e-16 -1.76437e-15 1.34096e-15 -1.57831e-15 7.76911e-17 4.75382e-16 -8.39579e-17 -2.75198e-16 8.07731e-17 
-1.92812e-16 2.91759e-16 5.71429e-16 1 -2.10312e-16 6.67313e-16 5.95539e-16 -3.97143e-15 4.15222e-16 1.07038e-15 8.17488e-17 1.33357e-16 
2.39915e-16 -3.96411e-17 -3.80929e-16 -4.16845e-16 1 1.06238e-15 -6.1013e-16 -9.84722e-17 -1.49393e-16 2.15709e-16 -7.01479e-17 2.22261e-17 
-1.1563e-16 1.52737e-16 2.95808e-16 8.67348e-16 1.81099e-16 1 1.35945e-16 -2.22903e-15 4.1922e-16 1.27933e-15 6.83861e-17 4.62412e-17 
-8.01564e-15 5.48671e-16 3.42583e-14 -9.67682e-15 -7.38979e-14 3.2971e-14 1 -4.2652e-14 -3.86873e-15 1.99969e-14 2.14488e-15 1.08488e-16 
-6.33279e-16 -2.80047e-15 6.0345e-15 1.20721e-14 -1.70332e-14 9.48949e-15 1.3264e-14 1.00001 -5.07515e-16 5.12824e-14 1.32035e-15 -1.19273e-15 
-0.0465079 -0.000246161 0.00547305 -0.00398918 0.0314983 -0.0175151 -0.000179463 0.0217094 -0.0180498 0.00344592 0.801668 0.0103525 
-0.00511181 -0.0474359 -0.00254705 0.000976904 -0.014384 0.0320647 0.00637942 0.0194336 0.00599521 -0.0439841 -0.00687806 0.814794 

12	-3.46237 -2.88374 -3.77501 -2.37837 -3.77501 -2.37837 -3.77501 -2.37837 -3.76251 -2.37022 -366.123 -468.165 
12 12	228.04 -4.91862 5.77469e-13 -2.17256e-13 8.66204e-13 -2.37808e-13 7.21836e-13 -1.99641e-13 9.02291e-13 -3.69919e-13 -65.497 4.91862 
-4.91862 101.968 -1.6441e-13 1.19908e-30 -1.71108e-13 -6.11381e-14 -1.20372e-13 9.17072e-14 2.14319e-13 7.64218e-14 4.91862 -33.1325 
5.77469e-13 -1.6441e-13 162.543 -3.99282e-13 1.87677e-12 -4.46256e-13 1.58804e-12 -4.46256e-13 1.08275e-12 -2.93586e-13 1.81163e-12 -1.30511e-12 
-2.17256e-13 1.19908e-30 -3.99282e-13 68.8354 -4.69743e-13 6.11381e-14 -3.64051e-13 2.44553e-13 -2.46614e-13 1.22275e-13 -6.38592e-13 -3.03719e-31 
8.66204e-13 -1.71108e-13 1.87677e-12 -4.69743e-13 162.543 -5.40205e-13 1.73241e-12 -4.9323e-13 1.22712e-12 -3.4056e-13 2.41551e-12 -1.45012e-12 
-2.37808e-13 -6.11381e-14 -4.46256e-13 6.11381e-14 -5.40205e-13 68.8354 -4.22769e-13 3.05691e-13 -2.81845e-13 1.83412e-13 -6.38592e-13 2.51649e-13 
7.21836e-13 -1.20372e-13 1.58804e-12 -3.64051e-13 1.73241e-12 -4.22769e-13 162.543 -3.99282e-13 9.38383e-13 -2.70099e-13 1.9626e-12 -1.11176e-12 
-1.99641e-13 9.17072e-14 -4.46256e-13 2.44553e-13 -4.9323e-13 3.05691e-13 -3.99282e-13 68.8354 -2.58358e-13 1.98697e-13 -5.28066e-13 5.03298e-13 
9.02291e-13 2.14319e-13 1.08275e-12 -2.46614e-13 1.22712e-12 -2.81845e-13 9.38383e-13 -2.58358e-13 164.14 -0.365499 -40.4045 -3.48397 
-3.69919e-13 7.64218e-14 -2.93586e-13 1.22275e-13 -3.4056e-13 1.83412e-13 -2.70099e-13 1.98697e-13 -0.365499 68.9175 9.24093 0.796822 
-65.497 4.91862 1.81163e-12 -6.38592e-13 2.41551e-12 -6.38592e-13 1.9626e-12 -5.28066e-13 -40.4045 9.24093 12463 83.1668 
4.91862 -33.1325 -1.30511e-12 -3.03719e-31 -1.45012e-12 2.51649e-13 -1.11176e-12 5.03298e-13 -3.48397 0.796822 83.1668 4705.57 


12 12	1.01162 -0.0200267 -0.123599 0.0300459 -0.0724949 -0.00224953 -0.214821 -0.0192017 0.170174 0.00658074 0.179508 0.00106702 
-0.0146903 0.970816 0.03341 -0.171186 -0.0100214 -0.0354483 -0.0217959 -0.152682 0.0137112 0.120718 2.32652e-05 0.192358 
1 -1.34312e-16 7.65488e-16 7.18343e-17 7.32995e-16 2.43082e-16 -1.44082e-15 -6.11531e-17 7.60915e-16 2.73693e-17 2.61945e-18 2.11555e-17 
2.39338e-17 1 1.94863e-16 -6.52839e-16 -2.02796e-16 1.77183e-15 1.49719e-16 -4.19957e-16 -3.09755e-17 4.70944e-16 -6.78304e-18 1.02294e-16 
8.71245e-16 -5.87671e-17 1 4.33342e-17 7.32318e-16 1.30499e-16 -1.40289e-15 1.52676e-16 7.52104e-16 -6.44825e-17 -1.39511e-17 5.29904e-18 
1.0121e-16 1.40133e-17 1.17936e-16 1 -1.44838e-16 1.24729e-15 7.47089e-17 5.7221e-16 6.48075e-18 1.92205e-16 -2.36492e-18 3.08998e-17 
7.93123e-16 -4.2887e-17 5.11326e-16 1.70626e-17 1 2.23303e-16 7.15799e-17 2.56926e-17 -7.19283e-17 1.07539e-17 1.85003e-17 5.01105e-18 
1.28962e-16 8.51234e-17 9.51642e-17 1.38121e-16 -1.7239e-16 1 8.63966e-17 7.83841e-16 8.83275e-18 2.97641e-16 -4.27582e-18 1.14654e-17 
8.02605e-15 -1.02532e-15 2.00785e-14 5.76038e-16 -7.5198e-14 5.35574e-15 1 -8.97519e-15 -2.79145e-14 4.8158e-15 -1.15173e-15 9.68328e-18 
6.52752e-16 2.23005e-15 -2.60738e-15 1.19491e-14 5.63738e-15 -4.95777e-14 -4.61572e-15 1.00001 9.7108e-16 -3.18545e-14 -6.63379e-17 2.06026e-16 
-0.120923 0.00239386 0.0147742 -0.0035915 0.00866559 0.000268895 0.0256783 0.00229526 -0.0203415 -0.00078662 0.978543 -0.000127545 
0.00178451 -0.11793 -0.00405849 0.0207948 0.00121735 0.00430609 0.00264766 0.0185471 -0.00166557 -0.0146642 -2.82614e-06 0.976633 

12	-3.79303 -2.35581 -3.77501 -2.37837 -3.77501 -2.37837 -3.77501 -2.37837 -3.76251 -2.37022 -365.793 -468.693 
12 12	182.387 1.00327 -1.62413e-13 -1.90833e-14 -1.80459e-13 -2.49551e-14 -1.44367e-13 -2.64231e-14 -4.42123e-13 -3.44964e-14 -19.8442 -1.00327 
1.00327 78.8687 -1.61474e-14 -4.58536e-14 -2.05513e-14 -6.11381e-14 -1.98173e-14 -6.87804e-14 -3.81665e-14 -7.64218e-15 -1.00327 -10.0333 
-1.62413e-13 -1.61474e-14 162.543 -2.34872e-14 -2.16551e-13 -3.08269e-14 -1.80459e-13 -3.37628e-14 -1.26321e-13 -2.78907e-14 -6.03877e-13 -7.25061e-14 
-1.90833e-14 -4.58536e-14 -2.34872e-14 68.8354 -2.7891e-14 -8.40649e-14 -2.7891e-14 -9.93495e-14 -2.64229e-14 -9.55273e-14 -7.36837e-14 -2.20193e-13 
-1.80459e-13 -2.05513e-14 -2.16551e-13 -2.7891e-14 162.543 -3.37628e-14 -1.62413e-13 -3.66987e-14 -1.44367e-13 -3.22945e-14 -6.03877e-13 -7.85482e-14 
-2.49551e-14 -6.11381e-14 -3.08269e-14 -8.40649e-14 -3.37628e-14 68.8354 -3.37628e-14 -1.29919e-13 -3.22947e-14 -1.29917e-13 -9.82449e-14 -2.51649e-13 
-1.44367e-13 -1.98173e-14 -1.80459e-13 -2.7891e-14 -1.62413e-13 -3.37628e-14 162.543 -3.52307e-14 -1.08275e-13 -3.08266e-14 -5.28392e-13 -8.15693e-14 
-2.64231e-14 -6.87804e-14 -3.37628e-14 -9.93495e-14 -3.66987e-14 -1.29919e-13 -3.52307e-14 68.8354 -3.81665e-14 -1.60486e-13 -1.10525e-13 -3.14561e-13 
-4.42123e-13 -3.81665e-14 -1.26321e-13 -2.64229e-14 -1.44367e-13 -3.22947e-14 -1.08275e-13 -3.81665e-14 178.455 2.12471 -88.2856 -9.2734 
-3.44964e-14 -7.64218e-15 -2.78907e-14 -9.55273e-14 -3.22945e-14 -1.29917e-13 -3.08266e-14 -1.60486e-13 2.12471 69.1176 -11.7873 -1.23812 
-19.8442 -1.00327 -6.03877e-13 -7.36837e-14 -6.03877e-13 -9.82449e-14 -5.28392e-13 -1.10525e-13 -88.2856 -11.7873 11885.6 52.4495 
-1.00327 -10.0333 -7.25061e-14 -2.20193e-13 -7.85482e-14 -2.51649e-13 -8.15693e-14 -3.14561e-13 -9.2734 -1.23812 52.4495 4680.28 


