1 17

1
17	675.813 8.24361e-15 -4.42936e-16 -6.96649e-17 1.12734e-13 -5.13613e-17 4.64522e-17 -2.53782e-15 -2.55564e-15 -1.92778e-15 -1.23063e-15 -6.13508e-16 -2.39644e-15 -2.40564e-15 -1.8244e-15 -1.01708e-15 -5.14225e-16 
17 17	153334 1.47036 -13.0755 -15.2057 -3.19763 -8.27982 -6.93023 -8.04527 -7.11963 -5.87127 -2.51859 -0.51347 -7.22129 -5.53613 -3.12154 0.18917 0.701723 
1.47036 1 6.25081e-17 -3.92084e-17 0.161633 -3.29948e-17 -1.59941e-17 -9.02887e-16 -8.83481e-16 -1.91064e-16 2.89759e-16 2.46047e-16 -4.10825e-16 -4.37538e-16 -1.74044e-17 5.2759e-16 1.98803e-16 
-13.0755 6.25081e-17 1 -4.47691e-17 2.45907e-18 0.431669 3.49844e-17 0.189538 0.0672202 0.0239022 0.00671254 0.00166326 -4.28982e-17 -2.37834e-17 -4.38835e-18 -3.13655e-18 -1.25872e-18 
-15.2057 -3.92084e-17 -4.47691e-17 1 -5.47905e-17 5.83434e-18 0.421095 -1.00683e-17 -2.41931e-17 -3.42995e-19 -6.3812e-19 5.23754e-19 0.17263 0.0589084 0.0207379 0.00511936 0.000845476 
-3.19763 0.161633 2.45907e-18 -5.47905e-17 1 2.22191e-18 -3.69923e-17 -1.46833e-16 -1.38946e-17 -6.31854e-16 1.62201e-17 4.7416e-17 -7.4134e-16 -6.23767e-16 -5.6167e-16 -8.73445e-17 4.51787e-17 
-8.27982 -3.29948e-17 0.431669 5.83434e-18 2.22191e-18 1 4.48254e-17 0.341471 0.0679408 0.0166943 0.00436125 0.00150018 -1.72061e-17 -1.18619e-17 -3.07687e-18 -1.52315e-18 1.83973e-20 
-6.93023 -1.59941e-17 3.49844e-17 0.421095 -3.69923e-17 4.48254e-17 1 2.58073e-17 4.61429e-18 1.28249e-18 2.01191e-19 1.22686e-19 0.334738 0.0437184 0.00885343 0.00158326 -8.38492e-05 
-8.04527 -9.02887e-16 0.189538 -1.00683e-17 -1.46833e-16 0.341471 2.58073e-17 0.59319 0.171393 0.0426365 0.0107009 0.00284454 -2.77542e-17 -1.76116e-17 -7.19318e-18 -3.67306e-18 -1.6831e-19 
-7.11963 -8.83481e-16 0.0672202 -2.41931e-17 -1.38946e-17 0.0679408 4.61429e-18 0.171393 0.530417 0.126675 0.0303797 0.00648844 -1.44424e-17 -2.21739e-17 -5.62159e-18 -4.87067e-18 -1.51504e-18 
-5.87127 -1.91064e-16 0.0239022 -3.42995e-19 -6.31854e-16 0.0166943 1.28249e-18 0.0426365 0.126675 0.314673 0.0592761 0.0117977 -2.67752e-18 -6.76405e-18 -1.57973e-17 -6.6387e-19 -1.46374e-18 
-2.51859 2.89759e-16 0.00671254 -6.3812e-19 1.62201e-17 0.00436125 2.01191e-19 0.0107009 0.0303797 0.0592761 0.129891 0.0188361 -2.47617e-18 -8.22922e-19 -2.0072e-18 5.92158e-18 -8.68491e-19 
-0.51347 2.46047e-16 0.00166326 5.23754e-19 4.7416e-17 0.00150018 1.22686e-19 0.00284454 0.00648844 0.0117977 0.0188361 0.0340876 -1.96835e-19 -8.01916e-19 -3.03348e-19 -4.18464e-19 5.13459e-19 
-7.22129 -4.10825e-16 -4.28982e-17 0.17263 -7.4134e-16 -1.72061e-17 0.334738 -2.77542e-17 -1.44424e-17 -2.67752e-18 -2.47617e-18 -1.96835e-19 0.585075 0.155388 0.0256739 0.0051733 0.000517962 
-5.53613 -4.37538e-16 -2.37834e-17 0.0589084 -6.23767e-16 -1.18619e-17 0.0437184 -1.76116e-17 -2.21739e-17 -6.76405e-18 -8.22922e-19 -8.01916e-19 0.155388 0.496068 0.104959 0.0151146 0.00168439 
-3.12154 -1.74044e-17 -4.38835e-18 0.0207379 -5.6167e-16 -3.07687e-18 0.00885343 -7.19318e-18 -5.62159e-18 -1.57973e-17 -2.0072e-18 -3.03348e-19 0.0256739 0.104959 0.272808 0.0460121 0.00294509 
0.18917 5.2759e-16 -3.13655e-18 0.00511936 -8.73445e-17 -1.52315e-18 0.00158326 -3.67306e-18 -4.87067e-18 -6.6387e-19 5.92158e-18 -4.18464e-19 0.0051733 0.0151146 0.0460121 0.0985298 0.00866688 
0.701723 1.98803e-16 -1.25872e-18 0.000845476 4.51787e-17 1.83973e-20 -8.38492e-05 -1.6831e-19 -1.51504e-18 -1.46374e-18 -8.68491e-19 5.13459e-19 0.000517962 0.00168439 0.00294509 0.00866688 0.0107433 

