5 16

0.118501
16	33.4219 -1.16587e-14 1.22211e-14 240.175 4.03679e-16 -2.03415e-16 2.73257e-15 1.46728e-16 2.68844e-16 7.70621e-16 -8.28339e-16 8.54995e-16 33.4219 2.25203e-15 7.11288e-15 240.175 
16 16	358.662 4.02901e-14 1.37342e-14 340.645 4.38239e-15 1.39712e-14 -5.64824e-15 -6.98489e-15 5.34975e-15 6.91142e-15 -7.27509e-15 3.0986e-15 358.662 6.19252e-15 -3.28795e-14 340.645 
4.02901e-14 7711.94 -6.59671e-13 5.23021e-14 1887.55 -6.11178e-14 1654.29 -4.67428e-14 1266.02 -1.86806e-13 989.831 -3.48837e-13 4.02901e-14 6117.15 -9.68982e-13 5.23021e-14 
1.37342e-14 -6.59671e-13 2098.49 -1.73336e-13 -8.58858e-15 610.934 -1.41931e-13 555.079 -2.91827e-13 424.013 -4.67473e-13 313.769 1.37342e-14 -1.08515e-12 1609.51 -1.73336e-13 
340.645 5.23021e-14 -1.73336e-13 8848.6 1.566e-13 3.49149e-14 -2.1344e-14 -9.78401e-14 -3.48019e-14 -1.15256e-13 -1.14337e-13 5.80154e-14 340.645 -3.46814e-13 1.59905e-13 8848.6 
4.38239e-15 1887.55 -8.58858e-15 1.566e-13 1100.46 -9.95261e-14 972.805 -7.35368e-14 532.76 -6.33106e-14 277.055 -4.42213e-14 4.38239e-15 1217.06 -4.79465e-14 1.566e-13 
1.39712e-14 -6.11178e-14 610.934 3.49149e-14 -9.95261e-14 421.758 -7.46157e-14 376.91 -1.65484e-14 207.98 -7.69287e-14 110.392 1.39712e-14 -2.33607e-13 378.732 3.49149e-14 
-5.64824e-15 1654.29 -1.41931e-13 -2.1344e-14 972.805 -7.46157e-14 1358.66 -1.96543e-14 1031.65 -9.33022e-14 530.893 -1.32797e-13 -5.64824e-15 1185.82 -1.69238e-13 -2.1344e-14 
-6.98489e-15 -4.67428e-14 555.079 -9.78401e-14 -7.35368e-14 376.91 -1.96543e-14 555.293 -6.49799e-14 415.504 -1.02717e-13 212.163 -6.98489e-15 -7.19034e-14 383.662 -9.78401e-14 
5.34975e-15 1266.02 -2.91827e-13 -3.48019e-14 532.76 -1.65484e-14 1031.65 -6.49799e-14 1361.22 -1.24397e-13 1002.59 -1.60552e-13 5.34975e-15 1000.04 -2.2043e-13 -3.48019e-14 
6.91142e-15 -1.86806e-13 424.013 -1.15256e-13 -6.33106e-14 207.98 -9.33022e-14 415.504 -1.24397e-13 566.45 -1.04204e-13 407.395 6.91142e-15 -1.4146e-13 321.525 -1.15256e-13 
-7.27509e-15 989.831 -4.67473e-13 -1.14337e-13 277.055 -7.69287e-14 530.893 -1.02717e-13 1002.59 -1.04204e-13 1295.6 -9.32478e-14 -7.27509e-15 827.328 -3.05216e-13 -1.14337e-13 
3.0986e-15 -3.48837e-13 313.769 5.80154e-14 -4.42213e-14 110.392 -1.32797e-13 212.163 -1.60552e-13 407.395 -9.32478e-14 542.482 3.0986e-15 -1.45045e-13 250.994 5.80154e-14 
358.662 4.02901e-14 1.37342e-14 340.645 4.38239e-15 1.39712e-14 -5.64824e-15 -6.98489e-15 5.34975e-15 6.91142e-15 -7.27509e-15 3.0986e-15 358.662 6.19252e-15 -3.28795e-14 340.645 
6.19252e-15 6117.15 -1.08515e-12 -3.46814e-13 1217.06 -2.33607e-13 1185.82 -7.19034e-14 1000.04 -1.4146e-13 827.328 -1.45045e-13 6.19252e-15 5107.25 -1.15043e-12 -3.46814e-13 
-3.28795e-14 -9.68982e-13 1609.51 1.59905e-13 -4.79465e-14 378.732 -1.69238e-13 383.662 -2.2043e-13 321.525 -3.05216e-13 250.994 -3.28795e-14 -1.15043e-12 1312.75 1.59905e-13 
340.645 5.23021e-14 -1.73336e-13 8848.6 1.566e-13 3.49149e-14 -2.1344e-14 -9.78401e-14 -3.48019e-14 -1.15256e-13 -1.14337e-13 5.80154e-14 340.645 -3.46814e-13 1.59905e-13 8848.6 


0.0595952
16	35.0485 -8.90238e-15 3.87937e-15 215.535 5.53613e-17 -8.11596e-17 -1.15339e-17 1.581e-17 8.63e-19 6.56e-19 8.63e-19 6.56e-19 35.0485 1.95964e-15 2.82527e-15 215.535 
16 16	368.071 -5.8059e-14 3.35856e-14 248.415 8.27924e-17 -6.39773e-16 2.99511e-18 -2.03135e-16 -1.81425e-45 1.74863e-44 -1.81425e-45 1.74863e-44 368.071 -5.6457e-14 -6.59085e-14 248.415 
-5.8059e-14 41293.5 9.73609e-14 -9.22293e-13 497.127 -3.73642e-14 118.303 -1.67256e-14 -3.65812e-48 -3.45597e-47 -3.65812e-48 -3.45597e-47 -5.8059e-14 39009.7 -3.61511e-13 -9.22293e-13 
3.35856e-14 9.73609e-14 15111.8 -1.76901e-14 1.431e-14 200.897 6.28169e-15 37.0953 4.63146e-48 3.89367e-47 4.63146e-48 3.89367e-47 3.35856e-14 -7.80675e-13 14159.7 -1.76901e-14 
248.415 -9.22293e-13 -1.76901e-14 11057.1 -9.28301e-15 -1.08579e-14 8.75534e-16 -7.43899e-16 -1.12044e-44 1.0805e-43 -1.12044e-44 1.0805e-43 248.415 -9.90232e-14 -3.68943e-14 11057.1 
8.27924e-17 497.127 1.431e-14 -9.28301e-15 23.8288 -1.75945e-15 5.29878 -1.24485e-15 5.18141e-50 1.14869e-48 5.18141e-50 1.14869e-48 8.27924e-17 417.493 -5.87857e-15 -9.28301e-15 
-6.39773e-16 -3.73642e-14 200.897 -1.08579e-14 -1.75945e-15 10.9531 8.05912e-17 1.64133 1.45682e-49 2.513e-49 1.45682e-49 2.513e-49 -6.39773e-16 -2.79821e-14 167.109 -1.08579e-14 
2.99511e-18 118.303 6.28169e-15 8.75534e-16 5.29878 8.05912e-17 2.42347 -9.38252e-16 1.13885e-50 -1.20875e-49 1.13885e-50 -1.20875e-49 2.99511e-18 98.5548 1.42114e-15 8.75534e-16 
-2.03135e-16 -1.67256e-14 37.0953 -7.43899e-16 -1.24485e-15 1.64133 -9.38252e-16 0.896202 -1.75505e-52 4.69611e-50 -1.75505e-52 4.69611e-50 -2.03135e-16 -1.63074e-14 31.0699 -7.43899e-16 
-1.81425e-45 -3.65812e-48 4.63146e-48 -1.12044e-44 5.18141e-50 1.45682e-49 1.13885e-50 -1.75505e-52 1e-06 -1.02074e-35 1.05926e-36 -1.02074e-35 -7.50134e-32 1.0368e-17 2.54974e-18 -5.38147e-31 
1.74863e-44 -3.45597e-47 3.89367e-47 1.0805e-43 1.14869e-48 2.513e-49 -1.20875e-49 4.69611e-50 -1.02074e-35 1e-06 -5.60043e-47 1.78312e-42 -1.20259e-24 1.11527e-10 6.50672e-12 -2.37171e-24 
-1.81425e-45 -3.65812e-48 4.63146e-48 -1.12044e-44 5.18141e-50 1.45682e-49 1.13885e-50 -1.75505e-52 1.05926e-36 -5.60043e-47 1e-06 -1.08123e-65 -1.81425e-45 7.23866e-48 6.85281e-48 -1.12044e-44 
1.74863e-44 -3.45597e-47 3.89367e-47 1.0805e-43 1.14869e-48 2.513e-49 -1.20875e-49 4.69611e-50 -1.02074e-35 1.78312e-42 -1.08123e-65 1e-06 -1.54443e-38 -3.97631e-24 2.01271e-26 -4.7159e-38 
368.071 -5.8059e-14 3.35856e-14 248.415 8.27924e-17 -6.39773e-16 2.99511e-18 -2.03135e-16 -7.50134e-32 -1.20259e-24 -1.81425e-45 -1.54443e-38 368.071 -5.6457e-14 -6.59085e-14 248.415 
-5.6457e-14 39009.7 -7.80675e-13 -9.90232e-14 417.493 -2.79821e-14 98.5548 -1.63074e-14 1.0368e-17 1.11527e-10 7.23866e-48 -3.97631e-24 -5.6457e-14 37103.2 1.45654e-13 -9.90232e-14 
-6.59085e-14 -3.61511e-13 14159.7 -3.68943e-14 -5.87857e-15 167.109 1.42114e-15 31.0699 2.54974e-18 6.50672e-12 6.85281e-48 2.01271e-26 -6.59085e-14 1.45654e-13 13375 -3.68943e-14 
248.415 -9.22293e-13 -1.76901e-14 11057.1 -9.28301e-15 -1.08579e-14 8.75534e-16 -7.43899e-16 -5.38147e-31 -2.37171e-24 -1.12044e-44 -4.7159e-38 248.415 -9.90232e-14 -3.68943e-14 11057.1 


0.0270249
16	35.8894 7.85982e-15 -6.47875e-16 216.174 3.89304e-16 -8.27007e-16 2.58562e-17 -3.33687e-16 -2.90044e-17 -1.24935e-17 -6.1333e-19 6.56e-19 35.8894 4.09525e-15 -1.30801e-15 216.174 
16 16	400.945 -1.11322e-14 9.69667e-14 244.245 1.42864e-14 -7.65891e-15 -1.57532e-15 2.91741e-15 -1.38964e-16 2.46109e-16 -1.15539e-17 6.93995e-46 400.945 -3.38488e-15 8.35654e-15 244.245 
-1.11322e-14 26178 1.03775e-12 -1.08604e-13 3784 1.96447e-13 904.769 4.85135e-14 281.575 -1.78048e-15 1.7326 -6.91244e-48 -1.11322e-14 18831.7 1.16614e-12 -1.08604e-13 
9.69667e-14 1.03775e-12 10360.7 -5.05808e-13 1.05201e-13 1808.06 -1.3838e-14 500.049 5.13293e-15 120.756 -6.382e-17 7.40492e-49 9.69667e-14 1.01497e-12 7090.86 -5.05808e-13 
244.245 -1.08604e-13 -5.05808e-13 10711.4 -3.53712e-14 4.86084e-14 -1.0009e-14 -2.67783e-14 -4.18036e-15 -4.13708e-15 3.08418e-17 2.94848e-45 244.245 -3.48863e-13 -2.02486e-13 10711.4 
1.42864e-14 3784 1.05201e-13 -3.53712e-14 1250.29 -2.9876e-14 332.961 1.34145e-14 71.7623 2.48397e-16 0.318928 8.57522e-49 1.42864e-14 2262.61 -2.45882e-14 -3.53712e-14 
-7.65891e-15 1.96447e-13 1808.06 4.86084e-14 -2.9876e-14 677.311 1.1745e-14 208.076 9.7586e-16 45.5187 -2.25897e-18 -2.15725e-48 -7.65891e-15 1.05785e-13 1028.1 4.86084e-14 
-1.57532e-15 904.769 -1.3838e-14 -1.0009e-14 332.961 1.1745e-14 121.276 -6.64145e-15 26.0156 -1.02957e-15 0.124345 7.96756e-50 -1.57532e-15 561.463 -6.72453e-15 -1.0009e-14 
2.91741e-15 4.85135e-14 500.049 -2.67783e-14 1.34145e-14 208.076 -6.64145e-15 97.1556 -1.41236e-15 19.6164 6.10965e-18 -4.83869e-49 2.91741e-15 6.34577e-14 296.7 -2.67783e-14 
-1.38964e-16 281.575 5.13293e-15 -4.18036e-15 71.7623 9.7586e-16 26.0156 -1.41236e-15 10.3164 -4.78365e-16 0.0245269 -8.93768e-50 -1.38964e-16 190.367 3.44789e-15 -4.18036e-15 
2.46109e-16 -1.78048e-15 120.756 -4.13708e-15 2.48397e-16 45.5187 -1.02957e-15 19.6164 -4.78365e-16 7.85514 5.42638e-19 -3.84308e-50 2.46109e-16 2.64487e-15 73.1309 -4.13708e-15 
-1.15539e-17 1.7326 -6.382e-17 3.08418e-17 0.318928 -2.25897e-18 0.124345 6.10965e-18 0.0245269 5.42638e-19 0.00416015 -1.79318e-51 -1.15539e-17 1.39411 -5.77767e-17 3.08418e-17 
6.93995e-46 -6.91244e-48 7.40492e-49 2.94848e-45 8.57522e-49 -2.15725e-48 7.96756e-50 -4.83869e-49 -8.93768e-50 -3.84308e-50 -1.79318e-51 1e-06 1.92623e-36 6.15326e-21 -4.09527e-21 1.11353e-34 
400.945 -1.11322e-14 9.69667e-14 244.245 1.42864e-14 -7.65891e-15 -1.57532e-15 2.91741e-15 -1.38964e-16 2.46109e-16 -1.15539e-17 1.92623e-36 400.945 -3.38488e-15 8.35654e-15 244.245 
-3.38488e-15 18831.7 1.01497e-12 -3.48863e-13 2262.61 1.05785e-13 561.463 6.34577e-14 190.367 2.64487e-15 1.39411 6.15326e-21 -3.38488e-15 14239.2 5.11189e-13 -3.48863e-13 
8.35654e-15 1.16614e-12 7090.86 -2.02486e-13 -2.45882e-14 1028.1 -6.72453e-15 296.7 3.44789e-15 73.1309 -5.77767e-17 -4.09527e-21 8.35654e-15 5.11189e-13 5166.64 -2.02486e-13 
244.245 -1.08604e-13 -5.05808e-13 10711.4 -3.53712e-14 4.86084e-14 -1.0009e-14 -2.67783e-14 -4.18036e-15 -4.13708e-15 3.08418e-17 1.11353e-34 244.245 -3.48863e-13 -2.02486e-13 10711.4 


0.645061
16	35.4099 -1.08681e-14 3.93036e-14 216.138 8.63e-19 6.56e-19 8.63e-19 6.56e-19 8.63e-19 6.56e-19 8.63e-19 6.56e-19 35.4099 -1.08681e-14 3.93036e-14 216.138 
16 16	376.755 -4.06233e-14 4.46812e-14 269.453 3.93179e-42 1.36176e-41 3.93179e-42 1.36176e-41 3.93179e-42 1.36176e-41 3.93179e-42 1.36176e-41 376.755 -4.06233e-14 4.46812e-14 269.453 
-4.06233e-14 14091.3 1.91612e-12 6.16975e-13 1.37486e-45 -2.77994e-44 1.37486e-45 -2.77994e-44 1.37486e-45 -2.77994e-44 1.37486e-45 -2.77994e-44 -4.06233e-14 14091.3 1.91612e-12 6.16975e-13 
4.46812e-14 1.91612e-12 5544.46 1.24667e-12 2.05078e-45 2.14262e-44 2.05078e-45 2.14262e-44 2.05078e-45 2.14262e-44 2.05078e-45 2.14262e-44 4.46812e-14 1.91612e-12 5544.46 1.24667e-12 
269.453 6.16975e-13 1.24667e-12 10955.5 2.27105e-41 7.8629e-41 2.27105e-41 7.8629e-41 2.27105e-41 7.8629e-41 2.27105e-41 7.8629e-41 269.453 6.16975e-13 1.24667e-12 10955.5 
3.93179e-42 1.37486e-45 2.05078e-45 2.27105e-41 1e-06 6.03009e-34 1.742e-34 6.03009e-34 1.742e-34 6.03009e-34 1.742e-34 6.03009e-34 8.19929e-31 5.58177e-34 6.52369e-34 5.14416e-30 
1.36176e-41 -2.77994e-44 2.14262e-44 7.8629e-41 6.03009e-34 1e-06 1.05044e-61 3.63619e-61 1.05044e-61 3.63619e-61 1.05044e-61 3.63619e-61 1.36176e-41 -2.77994e-44 2.14262e-44 7.8629e-41 
3.93179e-42 1.37486e-45 2.05078e-45 2.27105e-41 1.742e-34 1.05044e-61 1e-06 -1.88367e-57 5.84037e-45 -1.88367e-57 5.84037e-45 -1.88367e-57 -2.34637e-25 1.02132e-29 1.1706e-27 -1.45133e-24 
1.36176e-41 -2.77994e-44 2.14262e-44 7.8629e-41 6.03009e-34 3.63619e-61 -1.88367e-57 1e-06 1.05044e-61 3.63619e-61 1.05044e-61 3.63619e-61 1.36176e-41 -2.77994e-44 2.14262e-44 7.8629e-41 
3.93179e-42 1.37486e-45 2.05078e-45 2.27105e-41 1.742e-34 1.05044e-61 5.84037e-45 1.05044e-61 1e-06 1.05044e-61 4.69449e-53 1.05044e-61 -1.8553e-33 -8.96925e-37 -2.84763e-35 3.74305e-32 
1.36176e-41 -2.77994e-44 2.14262e-44 7.8629e-41 6.03009e-34 3.63619e-61 -1.88367e-57 3.63619e-61 1.05044e-61 1e-06 1.05044e-61 3.63619e-61 1.36176e-41 -2.77994e-44 2.14262e-44 7.8629e-41 
3.93179e-42 1.37486e-45 2.05078e-45 2.27105e-41 1.742e-34 1.05044e-61 5.84037e-45 1.05044e-61 4.69449e-53 1.05044e-61 1e-06 1.05044e-61 -5.38561e-42 -4.02533e-44 -9.5728e-43 6.89023e-40 
1.36176e-41 -2.77994e-44 2.14262e-44 7.8629e-41 6.03009e-34 3.63619e-61 -1.88367e-57 3.63619e-61 1.05044e-61 3.63619e-61 1.05044e-61 1e-06 1.36176e-41 -2.77994e-44 2.14262e-44 7.8629e-41 
376.755 -4.06233e-14 4.46812e-14 269.453 8.19929e-31 1.36176e-41 -2.34637e-25 1.36176e-41 -1.8553e-33 1.36176e-41 -5.38561e-42 1.36176e-41 376.755 -4.06233e-14 4.46812e-14 269.453 
-4.06233e-14 14091.3 1.91612e-12 6.16975e-13 5.58177e-34 -2.77994e-44 1.02132e-29 -2.77994e-44 -8.96925e-37 -2.77994e-44 -4.02533e-44 -2.77994e-44 -4.06233e-14 14091.3 1.91612e-12 6.16975e-13 
4.46812e-14 1.91612e-12 5544.46 1.24667e-12 6.52369e-34 2.14262e-44 1.1706e-27 2.14262e-44 -2.84763e-35 2.14262e-44 -9.5728e-43 2.14262e-44 4.46812e-14 1.91612e-12 5544.46 1.24667e-12 
269.453 6.16975e-13 1.24667e-12 10955.5 5.14416e-30 7.8629e-41 -1.45133e-24 7.8629e-41 3.74305e-32 7.8629e-41 6.89023e-40 7.8629e-41 269.453 6.16975e-13 1.24667e-12 10955.5 


0.149818
16	28.1593 -1.25827e-15 -8.6541e-16 208.334 1.54111e-16 1.38554e-16 -2.62312e-16 -1.34719e-16 4.37036e-16 -1.96938e-17 -1.19221e-15 -3.26279e-16 28.1593 -4.11834e-16 8.49798e-16 208.334 
16 16	322.332 3.08148e-15 -2.10503e-14 281.583 3.69953e-16 -1.40237e-15 -1.85304e-15 -2.60639e-15 4.86117e-15 -3.08562e-15 1.57295e-14 -3.33619e-15 322.332 -5.30318e-15 -6.74839e-14 281.583 
3.08148e-15 383.206 1.06623e-12 8.10139e-14 35.5326 1.05182e-13 46.8384 1.10878e-13 65.1421 1.48075e-13 97.6128 2.00377e-13 3.08148e-15 353.573 9.22375e-13 8.10139e-14 
-2.10503e-14 1.06623e-12 267.858 9.04392e-14 1.07431e-13 14.5151 1.5592e-13 19.5144 2.04354e-13 29.1006 2.84188e-13 45.3894 -2.10503e-14 8.99021e-13 255.179 9.04392e-14 
281.583 8.10139e-14 9.04392e-14 8869.37 -5.58313e-16 -3.27061e-15 -8.82149e-15 5.24978e-15 1.28442e-15 -2.16336e-14 -5.79422e-15 -1.11849e-14 281.583 8.08755e-14 5.49124e-14 8869.37 
3.69953e-16 35.5326 1.07431e-13 -5.58313e-16 9.8245 2.4001e-14 11.5777 2.74353e-14 14.0265 2.943e-14 17.3133 4.0371e-14 3.69953e-16 28.7261 9.21419e-14 -5.58313e-16 
-1.40237e-15 1.05182e-13 14.5151 -3.27061e-15 2.4001e-14 3.86666 2.97078e-14 4.01305 3.39741e-14 4.56182 4.52883e-14 5.38765 -1.40237e-15 8.92034e-14 12.029 -3.27061e-15 
-1.85304e-15 46.8384 1.5592e-13 -8.82149e-15 11.5777 2.97078e-14 17.7699 4.27768e-14 22.5105 4.99756e-14 28.4254 6.24064e-14 -1.85304e-15 38.8887 1.22455e-13 -8.82149e-15 
-2.60639e-15 1.10878e-13 19.5144 5.24978e-15 2.74353e-14 4.01305 4.27768e-14 6.89678 5.06837e-14 8.13492 6.77574e-14 9.46386 -2.60639e-15 9.26848e-14 16.9204 5.24978e-15 
4.86117e-15 65.1421 2.04354e-13 1.28442e-15 14.0265 3.39741e-14 22.5105 5.06837e-14 36.7238 7.18431e-14 50.1793 9.98428e-14 4.86117e-15 55.5117 1.67452e-13 1.28442e-15 
-3.08562e-15 1.48075e-13 29.1006 -2.16336e-14 2.943e-14 4.56182 4.99756e-14 8.13492 7.18431e-14 14.537 9.94605e-14 18.0872 -3.08562e-15 1.15431e-13 26.0632 -2.16336e-14 
1.57295e-14 97.6128 2.84188e-13 -5.79422e-15 17.3133 4.52883e-14 28.4254 6.77574e-14 50.1793 9.94605e-14 90.4866 1.5728e-13 1.57295e-14 85.3919 2.26322e-13 -5.79422e-15 
-3.33619e-15 2.00377e-13 45.3894 -1.11849e-14 4.0371e-14 5.38765 6.24064e-14 9.46386 9.98428e-14 18.0872 1.5728e-13 34.9116 -3.33619e-15 1.62883e-13 41.6015 -1.11849e-14 
322.332 3.08148e-15 -2.10503e-14 281.583 3.69953e-16 -1.40237e-15 -1.85304e-15 -2.60639e-15 4.86117e-15 -3.08562e-15 1.57295e-14 -3.33619e-15 322.332 -5.30318e-15 -6.74839e-14 281.583 
-5.30318e-15 353.573 8.99021e-13 8.08755e-14 28.7261 8.92034e-14 38.8887 9.26848e-14 55.5117 1.15431e-13 85.3919 1.62883e-13 -5.30318e-15 330.141 7.74157e-13 8.08755e-14 
-6.74839e-14 9.22375e-13 255.179 5.49124e-14 9.21419e-14 12.029 1.22455e-13 16.9204 1.67452e-13 26.0632 2.26322e-13 41.6015 -6.74839e-14 7.74157e-13 245.128 5.49124e-14 
281.583 8.10139e-14 9.04392e-14 8869.37 -5.58313e-16 -3.27061e-15 -8.82149e-15 5.24978e-15 1.28442e-15 -2.16336e-14 -5.79422e-15 -1.11849e-14 281.583 8.08755e-14 5.49124e-14 8869.37 

