100	0 0 0 0 0 0 9.45995e-215 0 8.99835e-267 5.62864e-126 0 5.26417e-241 0 0 0 0 0 0 0 0 0 0 0 0 0 0 0 0 0 0 0 0 0 0 0 0 4.21672e-215 0 0 0 0 0 8.32601e-128 0 0 0 1.47529e-286 0 0 0 0 0 0 0 4.94255e-156 0 0 0 0 0 0 1.44949e-292 0 0 0 1.91606e-168 0 0 0 0 0 0 0 4.17195e-96 1 2.41921e-252 0 0 0 0 0 0 0 0 0 0 0 0 0 0 0 0 0 0 0 0 0 0 0 0 

100 100	0.995753 0 0 0 0 0 0 0 0 0 4.16775e-46 0 4.6925e-116 0 0 0 0 0 0.00959339 0 0 0 0 0 0 0 0 0.051267 0 1 0 0 1.02538e-288 0.0573365 0 0 1.95929e-305 0 0 0 4.04734e-156 0 0 0 0 0 3.11692e-283 0 0 0 0 0 0 0 0 0 0 0 0 0 0 0 0 0 0 0 0 0 0 0 0 0 0.0313973 0 0 0 0 0 0 0 0 0 0 0 0 0 0 0 0.0346388 0 0 0 0 0 5.58022e-297 0 0 0 0 0 
0 0.700003 0 0 0.0963588 0 0 0 0 0 0 0 0 0 0 0 0 0 0 0 0 0 0 0 0 0 0 0 0 0 0 0 0 0 0 0 0 0 0 0 0 0 0 0 0 0 0 0 0 0 0 0 0 0 0 0 0 0 0 0 0 0 0 0 0 0 0 0 0 0 0 0 0 0 0 0 0 0 0 0 0 0 0 0 0 0 0.11545 0 0 0 0 0 0 0 0 0 0 0 0 0 
0 0 0.552313 0 0 0 0 0 0 0 0 0 0 0 0 0 0 0 0 0 0 0 0 0 0 0 0 0 0 0 0 0 0 0 0 0 0 0 0 0 0 0 0 0 0 0 0 0 0 0 0 0 0 0 0 0 0 0 0 0 0.736666 0 0 0 0 0 0 0 0 0 0 0 0 0 0 0 0 0 0 0 0 0 0.0428881 0.0666658 0 0 0 0 0 0 0 0 0 0 0 0 0 0 0 0 
0 0 0 0.700288 0 0 0 0 0 0 0 0 0 0 0 0 0 0 0 0 0 0 0 0 0 0 0 0 0 0 0 0 0 0 0 0 0 0 0 0 0 0 0 0 0 0.0815628 0 0 0 0 0 0 0 0 0.286402 0 0 0 0 0 0 0 0 0 0 0 0.115718 0 0 0 0 0 0 0 0 0 0 0 0 0 0 0 0 0 0 0 0 0 0 0 0 0 0 0 0 0 0 0 0 0 
0 0 0 0 0.549379 0 0 0 0 0 0 0.0461618 0 0 0 0 0 0 0 0 0 0 0.727273 0 0 0 0 1.03387e-214 0 0 0 1.67419e-171 0 0 0 0 0 0 0 0 0 0 0 0 0 0 0 0 0 0 0 0 0 0 0 0 0 0.285724 0 0 0 0 0 0 0 0 0 0 0.0568165 0 0 0 0 0 0 0 0 0 0 0 0 0 0 0 0 0 0 0 0 0 0 0 0 0 0 0 0 0 0 0 
0 0 0 0 0 0.429047 0 0 0 0 0 0 0 0 0 0 0 0 0 0 0 0 0 0 0 0 0 0 0 0 0 0 0 0 0 0 0 0 0 0 0 0 0 0 0 0.162799 0 0 0 0 0 0 0 0 0 0 0 0 0 0 0 0 0 0 0 0 0 0 0 0 0 0 0 0 0 0 0 0 0 0 0 0 0 0 0 0 0 0 0 0 0 0 0 0 0 0 0 0 0 0 
0 0 0 0 0 0 6.7905e-141 0 0 0 0 0 0 0 0 0 0 0 0 0 0 0 0 0 0 0 0 1.63231e-132 0 0 0 0 0 0 0 0 0 0 0 0 0 0 0 0 0 0 0 0 0 0 0 0 0 0.821282 0 0 0 0 0 0 0 0 0 0 0 0 0 0 0 0 0 0 0 0 0 0.0260473 0 0 0 0 0 0 0 0 0.0729589 0 0 0 0 0 0 0 0 0 0 0 0 0 0 0 
0 0 0 0 0 0 0 0.363718 0 0 0 0 0 0 0 0 0 0 0 0 0 0 0 0 0 0 0 0 0 0 0 0 0 0 0 0 0 0 0 0 0 0 0 0 0 0 0 0 0 0 0 0 0 0 0 0 0 0 0 0 0 0 0 0 0 0 0 0 0 0 0 0 0 0 0 0.00473818 0 0 0 0 0 0 0 0 0.0405538 0 0 0 0 0 0 0 0 0 0 0 0 0 0 0 
0 0 0 0 0 0 0 0 0.749875 0 0 0 0 0.0229661 0 0 0 0 0 0 0 0 0 0 0.0159967 0 0 0 0 0 0 0 0 0.0209312 0 0 0 0 0 0 0 0 0 0 0 0 0 0 0 0 0 0 0 0 0 0 0 0 0 0 0 0 0 0 0 0 0 0 0 0 0 0 0 0 0 0 0 0 0 0 0 0 0 0.0666579 0.00811575 0 0 0 0 0 0 0 0 0 0 0 0 0 0 0 
0 0 0 0 0 0 0 0 0 0.504722 0 0 0 0 0 0 0 0 0.013071 0 0 0 0 0 0 0.0716295 0.0994902 0.0102231 0 0 0.0385116 0 0 0.0178474 0 0.0902172 1.54779e-251 2.13931e-230 0.0219653 0 0.12294 0 0 0 0 0 0.0841351 0 0 0 0 0 0 0 0 0.0701124 0 0 0 0 0 0 0 0 0 0 0 0 0 0 0 0 0.031358 0 2.9522e-165 0 0 0 0 0 0 0 0 0 0 0 0 0 0.011872 0 0 0 0 0 0.0702184 0.0265214 0 0 0 0 
0 0 0 0 0 0 0 0 0 0 0.771209 0 0 0 0 0 0 0 0 0 0 0 0 0 0 0 0 0.0117543 0 0 0 0 0 0 0 0 0 0 0 0 0 0 0 0 0 0 0 0 0 0 0 0 0 0 0 0 0 0 0 0 0 0 0 0 0 0 0 0 0 0 0 0 0 0.142947 0 0 0 0.0200572 0 0 0 0 0 0 0.00811463 0 0 0 0 0 0 0 0 0 0 0.00882517 0 0 0 0 
0 0 0 0 0 0 0 0 0 0 0 0.545155 0 0 0 0 0 0 0 0 0 0 0 0 0 0 0 0.0164667 0 0 0 0 0 0 0 0 0 0 0 0 0 0 0 0 0 0 0 0 0 0 0 0 0 0 0 0 0 0 0 0 0 0 0 0 0 0 0 0 0.0284178 0 0 0 0 0 0 0 0 0 0 0 0 0 0 0 0.0892623 0 0 0 0 0 0 0 0.0370924 0 0 0 0 0 0 0 
0 0 0 0.138836 0 0 0 0 0 0 0 0 0.660222 0 0 0.296301 0 0 0 0 0 0 0 0 0 0 0 0 0 0 0 0 0 0 0 0 0 0 0 0 0 0 0 0 0.0193567 0 0 0 0 0 3.56435e-73 0 0 0 0 0 0 0 0 0 0 0 0 0 0 0 0 0 0 0 0 0 0 0 0 0 0 0 0 0 0 0 0 0 0 0 0 0 0 0 0 0 0 0 0 0 0 0 0 0 
0 0 0.420064 0 0 0 0 0 0 0 0 0 0 0.563452 0 0 0 0 0 0 0 0 0 0 0 0 0 0 0 0 0 0 0 0 0 0 0 0 0 0 0 0 0 0 0 0 0 0 0 0 0 0 0 0 0 0 0 0 0 0 0 0 0 0 0 0 0 0 0 0 0 0.046868 0 0 0 0 0 0 0 0 0.0470335 0 3.13486e-121 0 0 0 0 0 0 0 0 0 0 0 0 0 0 0 0 0 
0 0 0 0 0 0 0 0 0 0 0 0 0 0 0.5 0 0 0 0 0 0 0 0 0 0 0 0 0 0 0 0 0 0 0 0 0 0 0 0 0 0 0 0 0 0 0 0 0 0 0 0 0 0 0 0 0 0 0 0 0 0 0 0 0 0 0 0 0 0 0 0 0 0 0 0 0 0 0 0 0 0 0 0 0 0.00811475 0 0 0 0 0 0 0 0 0 0 0 0 0 0.153846 0 
0 0 0 0.0199595 0 0 0 0 0 0 0 0 0 0 0 0.703699 0 0 0 0 0 0 0 0 0 0 0 0 0 0 0 0 0 0 0 0 0 0 0 0 0 0 0 0 0 0 0 0 0 0 0 0 0 0 0 0 0 0 0 0 0 0 3.93446e-269 0 0 0 0.269885 0 0 0 0 0 0 0 0 0 0 0 0 0 0 0 0 0 0 0 0 0 0 0 0 0 0 0 0 0 0 0 0 0 
0 0 0 0 0 0 0 0 0 0 0 0 0 0 0 0 0.683424 0 0 0 0 0 0 0 0 0 0 0.00237756 0 0 0 0 0 0.0313695 0 0 0.0722649 0 0 0 0 0 0 0 0 0 0 0 0 0 0 0 0 0 0 0 0 0 0 0.0476217 0 0 0 0 0 0 0 0 0 0 0 0 0 0 0 0 0 0 0 0 0 0 0 0 0 0 0 0 0 0 0 0 0 0 0 0 0 0 0 0 
0 0 0 0 0 0 0 0 0 0 0 0 0 0.0459573 0 0 0 0.676922 0 0 0 0 0 0 0 0 0 0 0 0 0 0 0 0 0 0 0 0 0 0 0 0 0.0715608 0 0 0 0 0 0 0 0 0 0 0 0 0 0 0 0 0 0 0 0 0 0 0 0 0 0 0 0 0.0931046 0 0 0 0 0 0 0 0 0.211634 0 0 0 0 0 0.0384843 0 0 0 0 0 0 0 0 0 0 0 0 0 
0 0 0 0 0 0 0 0 0 0 6.08211e-238 0.0227799 0 0 0 0 0 0 0.816695 0 0 0 0 0 0 0 0 0.00987077 0 0 0 0 0 0 0 0 0 0.0334561 0 0 0 0 0 0 0 0 0.0851959 0 0 0 0 0 0 0 0 0 0 0 0 0 0 0 0 0 0 0 0 0 0 0 0 0 0 0 0 0 0 0 0 0 0 0 0 0 0 0 0 0 0 0 0 0 0.14561 0 1.5149e-214 0.00949762 0 0.0355516 0 0 
0 0 0 0 0 0 2.30376e-105 0 0 0 0 0 0 0 0 0 0 0.0948104 0 0.813846 0 0 0 0 0 0.0241692 0 0.00485195 0 0 0 0 0 5.46368e-151 0 0 0 0 0 0 0.0506673 0 0 0 0 0 0 0 0 0 0 0 0 0 0 0 0 0 0 0 0 0 0 0 0 0 0 0 0 0 0 0 0 0 0 0 1.5068e-255 0 0 0 0 0 0 0 0 0 0 0 0 0 0 0 0 0 0 0 0 0 0.0769231 0 
0 0 0 0 0 0 0.0269905 0 0 0 0 0 0 0 0 0 0 0 0 0 0.333305 0 0 0 0 0 0 0.0141065 0 0 0 0 0 0 0 0 0 0 0 0 0 0 0 0 0 0 0 0 0 0 0 0 0 0.00900878 0 0 0 0 0 0 0 0 0 0 0 0 0 0 0 0 0 0 0 0 0.00121818 0 0 0 0 0 0 0 0 0 0.00811503 0 0 0 0 0 0 0 0 0 0 0 0 0 0 0 
0 0 0 0 0 0 0 0 0 0 0 0 0 0 0 0 0 0 0 0 0 0.5 0 0 0 0 0 0 0 0 0 0 0 0 0 0 0 0 0 0 0 0 0 0 0 0 0 0 0 0 0 0 0 0 0 0 0 0 0 0 0 0 0 0 0 0 0 0 0 0 0 0 0 0 0 0 0 0 0 0 0 0 0 0 0.0243443 0 0 0 0 0 0 0 0 0 0 0 0 0 0 0 
0 0 0 0 0 0 0 0 0 0 0 0 0 0 0 0 0 0 0 0 0 0 0.272727 0 0 0 0 0.00940494 0 0 0 0 0 0 0 0 0 0 0 0 0 0 0 0 0 0 0 0 0 0 0 0 0 0 0 0 0 0.285724 0 0 0 0 0 0 0 0 0 0 0 0 0 0 0 0 0 0 0 0 0 0 0 0 0 0 0.0162295 0 0 0 0 0 0 0 0 0 0 0 0 0 0 0 
0 0 0 0 0 0 0 0 0 0 0 0 0 0 0 0 0 0 0 0 0 0 0 0.200361 0 0 0 0 0 0 0 0 0 0 0 0 0 0 0 0 0 0 0.212856 0 0 0 0 0 0 0 0 0 0 0 0 0 0 0 0 0 0 0 0 0 0 0 0 0 0 0 0 0.163149 0 0 0 0 0 0 0 0 0.141184 0 0 0 0 0 0 0 0 0 0 0 0 0 0 0 0 0 0 0 
0 0 0 0 0 0 0 0 0 0 0 0 0 0 0 0 0 0 0 0 0 0 0 0 0.679978 0 0 0 0.46033 0 0 0 0 0 0.0879604 0 0 0 0 0 0 0 0 0 0 0 0 0 0 0 0 0 4.73962e-219 0 0 0 0 0 0 0 0 0 0 0 0 0 0 0 0 0 0 0 0.0312424 0 0 0 0 0 0 0 0 0 0 0 1.50286e-251 0 0 0 0.0119857 0 0 0 0 0 0 0 0 0 0 0 
0 0 0 0 0 0 0 0 0 7.27104e-46 0 0 0.0639472 0 0 0 0 0 0 0.080034 0 0 0 0 0 0.700043 0 0.0139442 0 0 0 0 0 0 0 0 0 0 0 0 0.137831 0 0 0 0 0 0 0 0 0 0 0 0 0 0 0 0 0 0 0 0 0 0 0 0 0 0 0 0 0 0 0 0 0 0 0 0.132797 0 0 0 0 0 0 0 0 0 0 0 0 0 0 0 0 0 2.91909e-100 0 0 0 0 0 
0 0 0 0 0 0 0 0 0 0 0 0 0 0 0 0 0 0 0 0 0 0 0 0 0 0.00886293 0.751044 0 0 0 0 0 0.138868 0 0 0.0114965 0 0 2.09896e-281 0 0 0 0 0 0 0 0 0 0 0 0 0 0 0 0 0 0 0 0 0 0 0 0 0 0 0 0 0 0 0 0 0 0.0940897 0 0 0 0 0 0 0 0 0 0 0 0 0 0 0 0.0709105 0 0 0 0 0 0 0 0 0 0 0 
0 0 0 0 0 0 0.38719 0 0 0.0989931 0.0228812 0 0 0 0 0 0 0 0 0 0 0 0 0 0 0.00886214 0 0.146941 0 0 0 0 0 0 0 0 0 0 0 0 0 0 0 0 0 0 0 0 0 0 0 0 0 0 0 5.58956e-99 0 0 0 0 0 0 0 0 0 0 0 0 0 0 0 0 0 0 0.154401 0.417315 0 0 0 0 0 0 0 0 0 0 0 0 0 0 0 0 0 0 0 0 0 0 0 0 
0 0 0 0 0 0 0 0 0 0 0 0 0 0 0 0 0 0 0 0 0 0 0 0 0 0 0 0 0.478345 0 0 0 0 0 0.0885121 0 0 0 0 0 0 0 0 0 0 0 0 0 0 0 0 0 0 0 0 0 0 0 0 0 0 0 0 0 0.538548 0 0 0 0 0 0 0 0 0 0 0 0 0 0 0 0 0 0 0 0 0 0 0 0 0 0 0 0 0 0 0 0 0 0 0 
0 0 0 0 0 0 0 0 0.0312667 0.0676794 0.0675395 0 0.191632 0 0 0 0.100997 0 0.0960914 0.026592 0 0 0 0 0 0.168771 0.0663071 0.00872492 0 2.39776e-156 0.114769 0 0.0344742 0.0472917 0 0.102426 0.104278 0.0503326 0.0659785 0 0.185446 0 0 0 0 0 0.0605806 0 0 0 0 0 3.92705e-267 0 0 0.157054 0 0 0 0 0 0.130571 0 0.0780751 0 0 0 0 0 0 0 0 0.0940217 0 0 2.80694e-39 5.57352e-135 0 0 0 0 0 0 0 0 0 0 0.0275129 0.0961222 0.0625843 0 0 0 0 0.0798207 0.0879598 0.111754 0.0356716 0 0 
0 0 0 0 0 0 0 0 0 1.27466e-83 0 0 0 0 0 0 0 0 0.032352 0 0 0 0 0 0 0 0 0.00439759 0 0 0.76151 0 0 0.0052607 0 0.011337 0 0.0839941 0 0 0 0 0 0 0 0 1.36121e-94 0 0 0 0 0 0 0 0 1.15661e-64 0 0 0 0 0 0.0436925 0 0 0 0 0 0 0 0 0 0 0 0 0 0 0 0 0 0 0 0 0 0 0 0 0 0 0 0 0 0 0 0 0.0207655 0.0795449 0 0 0 0 
0 0 0 0 0 0 0 0 0 0 0 0 0 0 0 0 0 0 0 0 0 0 0 0 0 0 0 0.0399705 0 0 0 0.348741 0 0 0 0 0 0 0 1.1426e-147 0 0 0 0 0 0 0 0 0 0 0 0 0 0 0 0 0 0 0 0 0 0 0 0 0 0 0 0 0 0 0 0 0 0.0714411 0 0 0 0 0 0 0 0 0 0 0.0811522 0 0 0 0 0 0 0 0 0 0 0 0 0 0 0 
0 0 0 0 0 0 0 0 0.0625308 0 0 0 0 0 0 0 0 0 0 0 0 0 0 0 0 0 0 0.00470247 0 0 0 0 0.689032 0 0 0 0 0 0 0 0 0 0 0 0 0 0 0 0 0 0 0 0 0 0 0 0 0 0 0 0 0 0 0 0 0 0 0 0 0 0 0 0 0 0 0 0 0 0 0 0 0 0 0 0.00811473 0 0 0 0.0477958 0 0 0 0 0 0 0 0 0 0 0 
0 0 0 0 0 0 1.78013e-176 0 0.0937962 0.00664687 0 0 0 0 0 0 0.134472 0 0 0 0 0 0 0 0 0 0 0.0230469 0 0 0.0280902 0 0 0.676191 0 0.0149237 0.154958 1.73422e-138 0 0 0 0 0 0 0.116069 0 0 0 0 0 0 0 0.0189044 0 0 0.0169344 0 0 0 0.0476217 0 0.0869617 0 0 0 0 0 0 0 0 0 7.59102e-251 0 0 0 0.0338352 1.81912e-43 0.0201388 0 0 0 0 0 0 0.00661081 0 0 0 0 5.28841e-154 0 0 0 0 0 0 0 0 0 0 
0 0 0 0 0 0 0 0.454427 0 0 0 0 0 0 0 0 0 0 0 0 0 0 0 0 0 0 0 0.0282206 0 0 0 0 0 0 0.441081 0 0 0 0 0 0 0 0 0 0 0 0 0 0 0 0 0 0 0 0 0 0 0 0 0 0 0 0 0 0 0 0 0 0 0 0 0 0 0 0 0.00236909 0 0 0 0 0 0 0 0 0.00811669 0 0 0 0 0 0 0 0 0 0 0 0 0 0 0 
0 0 0 0 0 0 0 0 0 1.44076e-144 0 0 0.0426058 0 0 0 0.0811073 0 0 0.0662735 0 0 0 0 0 1.52765e-14 0.0497716 0.00243461 0 0 4.9581e-20 0 0 0.00523736 0 0.738684 1.28332e-252 0.0169625 4.01453e-98 0 0 0 0 0 0 0 0 0 0 0 0 0 0.0377296 0 0 0.00623651 0 0 0 0 0 0 0 0 0 0 0 0 0 0 0 0 0 0 0 0 0 0 0 0 0 0 0 0 0 0 0 0 0.0237921 0 0 0 0 0 1.38911e-307 0.0175882 0 0 0 0 
0 0 0 0 0 0 0 0 0 0 0 0 0 0 0 0 0 0 0 0 0 0 0 0 0 0 0 0 0 0 0 0 0 0.010475 0 0 0.610003 0 0 0 0 0 0 0 0 0 0 0 0 0 0 0 0.246129 0 0 0 0 0 0 0 0 0 0 0 0 0 0 0 0 0 0 0.116195 0 0 0 0 0 0 0 0 0 0 0 0 0 0 0 0 0 0 0 0 0 0 0 0 0 0 0 0 
0 0 0 0 0 0 0 0 0 0 0.0697437 0 0 0 0 0 0 0 0 0 0 0 0 0 0 0 0 0.00939089 0 0 7.25332e-105 0 0 3.92162e-28 0 0 0 0.781785 0 0 0 0 0 0 0.0193663 0 0 0 0.0245279 0 0 0 0 0 0 0 0 0 0 0 0 0 0 0 0 0 0 0 0 0 0 0 0 0 0 0 0 0.060165 0 0 0 0 0 0 0 0 0 0 0 0 0 0 0 0 0 0.00900339 0 0 0 0 
0 0 0 0 0 0 0 0 0 0 0 0 0 0 0 0 0 0 0 0 0 0 0 0 0 0 0.0333872 0 0 0 0 0 0 0 0 0 0 0 0.912056 0 0 0 0 0 0 0.0407786 1.05585e-237 0 0 0 0 0 0 0 0 0 0 0 0 0 0 0 0 0.058556 0 0 0 0 0 0 0 0 0 0 0 0 0 0 0 0 0 0 0 0 0 0 0 0 0.0118741 0 0 0 0 0 0 0 0 0 0 0 
0 0 0 0 0 0 0 0 0 0 0 0 0 0 0 0 0 0 0 0 0.0555595 0.5 0 0 0 0 0 0.00940481 0 0 0 0 0 0 0 0 0 0 0 0.333325 0 0 0 0 0 0 0 0 0 0 0 0 0 0 0 0 0 0 0 0 0 0 0 0 0 0 0 0 0 0 0 0 0 0 0 0 0 0 0 0 0 0 0 0 0 0 0 0 0 0 0 0 0 0 0 0 0 0 0 0 
0 0.0499997 0 0 0 0 0 0 0 0 0 0 0 0.0229662 0 0 0 0.000363267 0 5.53e-289 0 0 0 0 0 0 0 0 0 0 0 0 0 0.00523297 0 0 1.45849e-266 0 0 0 0.410064 0 0 0 0 0 0 0.354696 0 0 0 0 0.0191028 0 0 0 0 0 0 0 0 0 0 0 0 0 0 0 0 0 0 0 0 0 0 0 0.0805152 0 0 0 0 0.378564 0 0 1.9494e-270 0 0 0 1.52148e-252 0 0 0 0 0 0 0 0.0374004 0 0 0 
0 0 0 0 0 0 0 0 0 0 0 0 0 0 0 0 0 0 0 0 0 0 0 0 0 0 0 0 0 0 0 0 0 0 0 0 0 0 0 0 0 0.444444 0 0 0 0 0 0 0 0 0 0 0 0 0 0 0 0 0.1 0 0 0 0 0 0 0 0 0 0 0 0 0 0 0 0.00121818 0 0 0 0 0 0 0 0 0 0.0243443 0 0 0 0 0 0 0 0 0 0 0 0 0 0 0 
0 0 0 0 0 0 0.00876854 0 0 0 0 0 0 0.0229663 0 0 0 0 0 0 0 0 0 0 0 0 0 0.00235123 0 0 0 0 0 0 0 0 0 0 0 0 0 0 0.572466 0 0 0 0 0 0 0 0 0 0 0 0 0 0 0 0 0 0 0 0 0 0 0 0 0 0 0 0 0 0 0 0 0 0 0 0 0 0.0235155 0 0 0 0.0162295 0 0 0 0 0 0 0 0 0 0 0 0 0 0 0 
0 0 0 0 0 0 0 0.0909255 0 0 0 0 0 0 0 0 0 0 0 0 0 0 0 0 0 0 0 0 0 0 0 0 0 0 0.0882572 0 0 0 0 0 0 0 0 0.713063 0 0 0 0 0 0 0 0 0 0 0 0 0 0 0 0 0 0 0 0 0 0 0 0 0 0 0 0 0 0 0 0 0 0 0 0 0 0 0 0 0.0325504 0 0 0 0 0 0 0 0 0 0 0 0 0 0 0 
0 0 0 0 0 0 0 0 0 0 0 0 0 0 0 0 0 0 0 0 0 0 0 0 0 0 0 0 0 0 0 0 0 2.97411e-183 0 0 0 0 0 0 0 0 0 0 0.651642 0 0 0 0 0 0.170631 0 0 0 0 0 0 0 0 0 0 0 0 0 0 0 0.0390114 0 0 0 0 0 0 0 0 0 0 0.2205 0 0 0 0 0 0 0 0 0 0 0 0 0 0 0 0 0 3.25364e-297 0 0 0 0 
0 0 0 0 0 0.214859 0 0 0 0 0 0 0 0 0 0 0 0 0 0 0 0 0 0 0 0 0 0 0.0613245 0 0 0 0 0 0.294189 0 0 0 0 0 0 0 0 0.214915 0 0.571684 0 0 0 0 0 0 0 0 0 0 0 0 0 0 0 0 0 0 0 0 0 0 0 0 0 0 0 0 0 0 0 0 0 0 0 0 0 0 0 0 0 0 0 0 0 0 0 0 0 0 0 0 0 0 
0 0.0500004 0 0 0 0 0 0 0 0 0 0.113599 0 0 0 0 0 0 0 0 0 0 0 0 0 0 0 0.00235125 0 0 0 0 0 0 0 0 0 0 0 0 0 0 0 0 0 0 0.639166 0 0 0.281283 0 0 0 0 0 0 0 0 0 0 0 0 0 0 0 0 0 0 0 0 0 0 0 0 0 0 0 0 0 0 0 0 0 0 0 0 0 0 0 0 0 0 0 0 0 2.19827e-147 0 0 0 0 
0 0.0499995 0 0 0 0 0 0 0 0 0 0 0 0 0 0 0 0 0 0 0 0 0 0.500739 0 0 0 0 0 0 0 0 0 0 0 0 0 0 0 0 0 0 0 0 0 0 0 0.645304 0 0 0 0 0 0 0 0 0 0 0 0 0 0 0 0 0 0 0 0 0 0 0 0 0 0 0 0 0 0 0 0 0 0 0 0 0 0 0 0 0 0 0 0 0 0 0 0 0 0 0 0 
0 0 0 0 0.0642392 0 0 0 0 0 0 0 0 0 0 0 0 0 0 0 0 0 0 0 0 0 0 0 0 0 0 0 0 0 0 0 0 0 0 0 0 0 0 0 0 0 0 0 0.533894 0 0 0 0 0 0 0 0 0 0 0 0 0 0 0 0 0 0 0 0.228112 0 0 0 0 0 0 0 0 0.0397001 0.224252 0 0 0 0 0 0 0 0 0 0 0 0 0 3.47412e-27 0 0 0 0 0 0 0 
0 0.0499995 0 0 0.226364 0 0 0 0 0 0 0.158611 0 0 0 0 0 0 0 0 0 0 0 0 0 0 0 0 0 0 0 0 0 0 0 0 0 0 0 0 0 0 0 0 0 0 0 0 0 0.671566 0 0 0 0 0 0 0 0 0 0 0 0 0 0 0 0 0 0 0 0.105541 0.0800228 0 0 0 0 0 0 0 0 0 0 0 0 0 0 0 0 0 0 0 0 0 0.0743801 0 0 0 0 0 0 0 
0 0 0 0 0 0 0 0 0 0 0 0 0 0 0 0 0 0 0 0 0 0 0 0 0 0 0 0 0 0 0 0 0 0 0 0 0 0 0 0 0 0 0 0 0 0 0 0 0 0 0.658481 0 0 0 0 0 0 0 0 0 0 0 0.0416434 0 0 0 0.153765 0 0 0 0 0 0 0 0 0 0 0.0201141 0 0 0 0 0 0 0 0 0 0 0 0 0 0 0 0.333372 0 0 0 0 0 0 
0 0 0 0 0 0 0 0 0 0 0 0 0 0 0 0 0 0 0 0 0 0 0 0 0 0 0 0 0 0 0 0 0 0 0 0 0 0 0 0 0 0 0 0 0 0 0 0 0 0 0 0.285714 0 0 0 0 0 0 0 0 0 0 0 0 0 0.125 0 0 0 0 0 0 0 0 0 0.00236909 0 0 0 0 0 0 0 0 0.0243443 0 0 0 0 0 0 0 0 0 0 0 0 0 0 0 
0 0 9.13407e-72 0 0 0 0 0 0.0312655 0 0 0 0 0.321692 0 0 0 0 0 0 0 0 0 0.0986307 0 0 0 0 0 0 0 0 0 0 0 0 0 0 0 0 0 0 0 0 0 0 0 2.01013e-258 0 0 0 0 0.640254 0 0 0 0 0 0 0 0 0 0 0 0 0 0 0 0 0 0 0.0479244 0 0 0 0 0 0 0 0 0 0 0 0 0 0 0 0 0 0 0 0 0 0 0 0 0 0 0 0 
0 0 0 0 0 0 0 0 0 0 0 0 0 0 0 0 0 0 0 0 0 0 0 0 0 0 0 0.210155 0 0 0 0 0 0 0 0 0 0 0 0 0 0 0 0 0 0 0 0 0 0 0 0 0 0 0 0 0 0 0 0 0 0 0 0 0 0 0 0 0 0 0 0 0 0 0 0.0512244 0 0 0 0 0 0 0 0 0 0 0 0 0 0 0 0 0 0 0 0 0 0 0 0 
0 0 0 0 0 0 0 0 0 0 0 0 0 0 0 0 0 0 0 0 0 0 0 0 0 0 0 0.00942535 0 0 0 0 0 0 0 0 0 0 0 0 0 0 0 0 0 0 0 0 0 0 0.142407 0 0 0 0.285471 0 0 0 0 0 0 0 0.0416376 0 0 0 0 0 0 0 0 0 0 0 0 0 0 0 0 0.153577 0 0 0 0 0 0 0 0 0 0 0 0.75 0 0 0 0 0 0 0 0 
0 0 0 0 0 0 0 0 0 0.0295367 0 0 0.021288 0 0 0 0 0 0.0321975 0 0 0 0 0 0 0.00889352 0 0.0191309 0 0 0.0286937 0 0 0.036735 0 3.25162e-269 0 0 0 0 0.0152209 0 0 0 0 0 5.14787e-39 0 0 0 0 0 0 0 0 0.743515 0 0 0 0 0 0.0215067 0 8.53505e-54 0 0 0 0 0 0 0 0 0 0 4.37852e-270 0 0 0 0 0 0 0 0 0 0 0 0 3.26583e-197 0 0.0747939 0 0 0 0 0.0305404 0 0 0 0 0 
0 0 0 0 0 0 0 0 0 0 0 0 0 0 0 0 0 0 0 0 0 0 0 0 0 0 0 0 0 0 0 0 0 0 0 0 0 0 0 0 0 0 0 0 0 0 0 0 0 0 0 0 0 0 0 0 0.714286 0 0 0 0 0 0 0 0 0 0 0 0 0 0 0 0 0 0 0.00236909 0 0 0 0 0 0 0 0 0.00811475 0 0 0 0 0 0 0 0 0 0 0 0 0 0 0 
0 0 0 0 0 0 0 0 0 0 0 0 0 0 0 0 0 0 0 0 0 0 0 0 0 0 0 0 0 0 0 0 0 0 0 0 0 0 0 0 0 0 0 0 0 0 0 0 0 0 0 0 0 0 0 0 0 0.428552 0 0 0 0 0 0 0 0 0 0 0 0 0 0 0 0 0.00365453 0 0 0 0 0 0 0 0 0 0.00811475 0 0 0 0 0 0 0 0 0 0 0 0 0 0 0 
0 0 0 0 0 0 0 0 0 0 0 0 0 0 0 0 0 0 0 0 0 0 0 0 0 0 0 0 0 0 0 0 0 0 0 0 0 0 0 0 0 0 0 0 0 0 0 0 0 0 0 0.142857 0 0 0 0 0 0 0.299999 0 0 0 0 0 0 0.125 0 0 0 0 0 0 0 0 0.00609088 0 0 0 0 0 0 0 0 0 0 0 0 0 0 0 0 0 0 0 0 0 0 0 0 0 
0 0 0 0 0 0 0 0 0 0 0 0 0 0 0 0 0 0 0 0 0 0 0 0 0 0 0 0 0 0 0 0 0 0 0 0 0 0 0 0 0 0 0 0 0 0 0 0 1.87405e-258 0 0.028481 0 0 0 0 0 0 0 0 0.809513 0 0 0 0 0 0 0 0 0 0.105506 0.0400219 0 0 0 0 0 0 0 0 0 0 0 0 0 0 0 0 0 0 0 0 0 0 0 0 0 0 0 0 0 
0 0 0 0 0 0 0.0449425 0 0 0 0 0 0 0 0 0 0 0 0 0 0 0 0 0 0 0 0 0.011768 0 0 0 0 0 0 0 0 0 0 0 0 0 0 0 0 0 0 0 0 0 0 0 0 0 0 0 0 0 0 0 0 0.210715 0 0 0 0 0 0 0 0 0 0 0 0 0 0 2.42882e-45 0 0 0 0 0 0 0 0 0.0081148 0 0 0 0 0 0 0 0 0 0 0 0 0 0 0.44444 
0 0 0 0.019933 0 0 0 0 0 0 0 0 0 0 0 0 0 0 0 0 0 0 0 0 0 0 0 0 0 0 0 0 0 0.0104668 0 0 0 0.0167118 0 0 0 0 0 0 0.193567 0 0 0 0 0 4.00432e-95 0 0 0 0 0 0 0 0 0 0 0.673791 0 0 0 0 0 0 0 0 0 0 0 0 0 0 0 0 0 0 0 0 0 0 0 0 0 1.60767e-212 0 0 0 0 0 0 0 0.00888207 0 0 0 0 
0 0 0 0 0 0 0 0 0 0 0 0 0 0 0 0 0 0 0 0 0 0 0 0 0 0 0 0 0 0 0 0 0 0 0 0 0 0 0 0 0 0.111111 0 0 0 0 0 0 0 0 0 0.428571 0 0 0 0 0 0 0.600001 0 0 0 0.54188 0 0 0 0 0 0 0 0 0 0 0 0 0 0 0 0 0.0385533 0 0 0 0 0 0 0 0 0 0 0 0 0 0 0 0 0 0 0 0 
0 0 0 0 0 0 0 0 0 0 0 0 0 0 0 0 0 0 0 0 0 0 0 0 0 0 0 0 0 0 0 0 0 0 0 0 0 0 0 0 0 0 0 0.0720222 0 0.0815747 0 0 0 0 0 0 0 0 0 0 0 0 0 0 0 0 0 0.84385 0 0 0 0 0 0 0 0 0 0 0 0 0 0 0 0 0 0 0 0 0.0161362 0 0 0 0 0 0 0 0 0 0 0 0 0 0 0 
0 0 0 0 0 0 0 0.0909294 0 0 0 0 0 0 0 0 0 0 0 0 0 0 0 0 0 0 0 0 0 0 0 0 0 0 0 0 0 0 0 0 0 0 0 0 0 0 0 0 0 0 0 0 0 0 0 0 0 0 0 0 0 0 0 0 0.384516 0 0 0 0 0 0 0 0 0 0 0 0 0 0 0 0 0 0 0.466662 0.0324591 0.444444 0 0 0 0 0 0 0 0 0 0 0 0 0 0 
0 0 0 0 0 0 0 0 0 0 0 0 0 0 0 0 0 0 0 0 0 0 0 0 0 0 0 0 0 0 0 0 0 0 0 0 0 0 0 0 0 0 0 0 0 0 0 0 0 0 0 0 0 0 0 0 0 0 0 0 0 0 0 0 0 0.625 0 0 0 0 0 0 0 0 0.00121818 0.00236909 0 0 0 0 0 0 0 0 0.00811475 0 0 0 0 0 0 0 0 0 0 0 0 0 0 0 
0 0 0 0 0 0 0 0 0 0 0 0 0 0 0 0 0 0 0 0 0 0 0 0 0 0 0 0 0 0 0 0 0 0 0 0 0 0 0 0 0 0 0 0 0 0 0 0 0 0 0 0 0 0 0.0357289 0 0 0 0 0 0 0 0.374839 0 0 0 0.42162 0 0 0 0 0 0 0 0 0 0 0 0 0.192446 0 0 0 0 0 0 0 0 0 0 0 0 0 0 0 0 0 0 0 0 
0 0 0 0 0 0 0 0 0 0 0 0 0 0 0 0 0 0 0 0 0.111215 0 0 0 0 0 0 0 0 0 0 0.116299 0 0 0 0 0 0 0 0.666675 0 0 0 0 0 0 0 0 0 0 0 0 0 0 0 0 0 0 0 0 0 0 0 0 0 0 0 0.358628 0 0 0 0 0 0 0 0 0 0 0 0.0385144 0 0 0 0 0 0 0 0 0 0 0 0 0 0 0 0 0 0 0 0 
0 0 0 0 0 0 0 0 0 0 0 0 0 0 0 0 0 0 0 0 0 0 0 0 0 0 0 0.00235346 0 0 0 0.395599 0 0 0 0 0 0 0 0 0 0 0 0 0 0 0 0 0.0245235 0 0 0 0 0 0 0 0 0 0 0 0 0 0 0 0 0 0 0 0.430802 0 0 0 0 0.0729514 0 0 0 0 0 0 0 0 0 0 0 0 0 0 0 0 0 0 0 0 0 0 0 0 0 0 
0 0 0 0 0 0 0 0 0 0 0 0 0 0 0 0 0 0 0 0 0 0 0 0 0 0 0 0 0 0 0 0 0 0 0 0 0 0 0 0 0 0 0 0 0 0 0 0 1.70671e-233 0 0 0 0 0 0 0 0 0 0 0 0 0 0 0 0 0 0 0 0.255851 0.525053 0 0 0 0 0 0 0 0 0 0 0 0 0 0 0 0 0 0 0 0 0 0 0 0 0 0 0 0 0 0 
0 0 0 0 0 0 0 0 0 0 0 0 0 0 0 0 0 0 0 0 0 0 0 0 0 0 0 0 0 0 0 0 0 0 0 0 0 0 0 0 0 0 0 0 0 0 0 0 0.0245386 0 0 0 0 0 0 0 0 0 0 0 0 0 0 0 0 0 0 0 0 0.263899 0.479589 0 0 0 0 0 0 0 0.224252 0 0 0 0 0 0 0 0 0 0 0 0 0 0 0 0 0 0 0 0 0 
0 0 0 0 0 0 0.0272188 0 0 0 0 0 0 0 0 0 0 0 0 0 0 0 0 0 0 0 0 0.0164481 0 0 0 0 0 0 0 0 0 0 0 0 0 0 0 0 0 0 0 0 0 0 0 0 0 0 0 0 0 0 0 0 0 0 0 0 0 0 0 0 0 0 0 0.532759 0 0 0 0 0 0 0 0 0 0 0 0.33333 0.0243443 0 0 0 0 0 0 0 0 0 0 0 0 0 0.153846 0 
0 0 0 0 0 0 0 0 0 0 0 0 0 0 0 0 0 0 0 0 0 0 0 0 0 0 0 0 0 0 0 0 0.103159 0.00523274 0 0 0 0 0 0 0 0 0 0 0 0 0 0 0 0 0 0 0 0 0 0 0 0 0 0.0952433 0 0 0 0 0 0 0 0 0 0 0 0 0.686533 0 0 0 0 0 0 0 0 0 0 0 0 0 0 0 0.0475153 0 0 0 0 0 0 0 0 0 0 0 
0 0 0 0 0 0 0.0179057 0 0 0 0 0 0 0 0 0 0 0 0 0 0 0 0 0 0 0 0 0 0 0 0 0 0 0 0 0 0 0 0 0 0 0 0 0 0 0 0 0 0.0735607 0 0 0 0 0 0 0 0 0 0 0 0 0 0 0 0 0 0 0 0 0 0 0 0 0.285926 0 0 0 0.0401128 0 0 0 0 0 0 0.0162249 0 0 0 0 0 0 0 0 0 0 0.00882854 0 0 0 0 
0.00225227 0 0 0 0 0 0.424008 0 0.0312654 0.219572 0 0.0454767 0 0 0 0 0 0 8.27243e-304 0 0 0 0 0 0 0.00876885 0 0 0 0 1.77627e-91 0 0 1.67324e-09 0 0 0.0584971 0 0 0 0 0 0.143117 0 0 0 0.0432831 0 0 0 0 0 0 0 0.107187 0 0 0 0 0 0 0.0434776 0 0 0 0.125 0 0 0 0 0 0 0 0.285925 0.56512 0.0303491 3.68586e-91 0 0 0 0 0 0 0 0 0 0 4.74498e-124 0 0 0 0 0 0 0 3.78861e-309 0 0 0 0 
0.00199445 0 0 0 0 0 0 0 0 0.0728496 0.0457628 0 0 0 0 0 5.42241e-36 0 0 0 0 0 0 0 0 0 7.40121e-149 0 0 0 0.0189533 0 0 0.0337107 0 0.030916 0 2.72406e-77 0 0 0 0 0 0 0 0 0 0 0 0 0 0 0 0.169709 0 0.00614824 0 0 0 0 0 0 0 0 0 0 0 0 0 0 0 0 0 0 0.262206 0.38129 0 0 0 0 0 0 0 0 6.777e-173 0 0 0 0 0 0 0 0 0 0 0 0 0 0 0.111121 
0 0 0 0 0 0 0 0 0 0 0 0 4.22224e-297 0 0 0 0 0.114359 0 0 0 0 0 0 0 3.5993e-282 0 0.00470482 0 0 0 0 0 0 0 0 0 0 0 0 0.0778315 0 0 0 0 0 0 0 0 0 0 0 0 0 0 0 0 0 0 0 0 0 0 0 0 0 0 0 0 0 0 0 0 0 0 0 0.746767 0 0 0 0 1.45194e-180 0 0 0.0486885 0 0 0 0 0 0 0 0 0 0 0 0 0 0 0 
0 0 0 0 0 0 0 0 0 0 0 0 0 0 0 0 0 0 0 0 0 0 0 0 0 0 0 0 0 0 0 1.21557e-244 0 0.0314491 0 0 0 0 0 0 0 0 0 0 0 0 0 0 0 0 0 0 0 0 0 0 0 0 0 0 0 0 0 0 0 0 0 0.0802798 0 0 0 0 0 0.140809 0 0 0 0.579212 0 0.423287 0 0 0 0 0 0 0 0 0 0 0 0 0 0 0 0 0 0 0 0 
0 0 0 0 0 0 0 0 0 0 0 0 0 0 0 0 0 0 0 0 0 0 0 0 0 0 0 0 0 0 0 0 0 0 0 0 0 0 0 0 0 0 0 0 0 0 0 0 0 0 0 0 0 0 0 0 0 0 0 0 0 0 0 0 0 0 0 0.480969 0 0 0 0 0 0 0 0 0 0 0.551496 0 0 0 0 0 0 0 0 0 0 0 0 0 0 0.111109 0 0 0 0 0 0 
0 0 0 0 0 0 0.00899714 0 0 0 0 0 0 0 0 0 0 0 0 0 0.222087 0 0 0 0 0 0 0.0328977 0 0 0 2.36652e-267 0 0 0 0 0 0 0 0 0 0 0 0 0 0 0 0 0 0 0 0 0 0 0 0 0 0 0 0 0 0 0 0 0 0 0 0 0 0 0 0 0 0 0.00121818 0 0 0 0 0.153623 0 0 0 0 0.0162296 0 0 0 0 0 0 0 0 0 0 0 0 0 0 0 
0 0 0.0276229 0 0 0 0 0 0 0 0 0 0 0 0 0 0 0 0 0 0 0 0 0 0 0 0 0.00235985 0 0 0 0 0 0 0 0 0 0 0 0 0 0 9.45304e-112 0 0 0 0 0 0 0 0 0 0 0 0 0 0 0 0 0 0 0 0 0 0 0 0 0 0 0 0 0 0 0 0 0 0 0 0 0 0.576633 0 0.652792 0 0 0 0 0 0 0 0.0588305 0 0 0 0 0 0 0 0 0 
0 0 0 0 0 0 0 0 0 0 0 0 0 0 0 0 0 0.113546 0 0.013255 0 0 0 0.200269 0 0 0 0 0 0 0 0 0 0 0 0 0 0 0 0 0 0 0 0 0 0 0 0 0 0 0 0 0.0188986 0 0 0 0 0 0 0 0 0 0 0 0 0 0 0 0 0 0 0 0 0 0 0 0 0 0 0 0 0.621436 0 0 0 0 0.153931 0 0 0 0 0 0 0 0 0 0 0 0 0 
0 0 0 0 0 0 0 0 0 0 0 0 0 0 0.333333 0 0 0 0 0 0 0 0 0 0 0 0 0.0164585 0 0 0 0 0 0 0 0 0 0 0 0 0 0 0 0 0 0 0 0 0 0 0 0 0 0 0 0 0.285714 0 0 0 0 0 0 0 0 0 0 0 0 0 0 0 0 0 0 0 0 0 0 0 0 0 0.30432 0 0 0 0 0 0 0 0 0 0 0 0 0 0 0 0.384615 0 
0 0 0 0 0 0 0.0449817 0 0 0 0 0 0 0 0 0 0 0 0 0 0 0 0 0 0 0 0 0.00705338 0 0 0 0 0 0 0 0 0 0 0 0 0 0 0 0 0 0 0 0 0 0 0 0 0 0 0 0 0 0 0 0 0.052619 0 0 0 0 0 0 0 0 0 0 0 0 0 0 0.00710698 0 0 0 0 0 0 0 0.0666843 0.0162327 0 0 0 0 0 0 0 0 0 0 0 0 0 0 0 
0 0 0 0 0 0 0 0 0 0 0 0 0 0 0 0 0 0 0 0 0 0 0 0 0 0 0 0.217495 0 0 0 0 0 0 0 0 0 0 0 0 0 0 0 0 0 0 0 0 0 0 0 0 0 0 0 0 0 0 0 0 0 0 0 0 0 0 0 0 0 0 0 0 0 0 0 0.0220355 0 0 0 0 0 0 0 0 0.173888 0 0 0 0 0 0 0 0 0 0 0 0 0 0 0 
0 0 0 0 0 0 0 0 0 0 0 0 0 0 0 0 0 0 0 0 0 0 0 0 0 0 0 0 0 0 0 0 0 0 0 0 0 0 0 0 0 0 0 0 0 0 0 0 0 0 0 0 0 0 0 0 0 0 0 0 0 0 0 0 0 0 0 0 0 0 0 0 0 0 0.00121818 0 0 0 0 0 0 0 0 0 0.0162295 0.555556 0 0 0 0 0 0 0 0 0 0 0 0 0 0.111121 
0 0 0 0 0 0 0 0 0 0 0 0 0 0 0 0 0 0 0 0 0 0 0 0 0 0 0 0 0 0 0 0 0 0 0 0 0 0 0 0 0 0 0 0 0 0 0 0 0 0 0 0 0 0 0 0 0 0 0 0 0 0 0 0 0 0 0 0 0 0 0 0 0 0 0 0 0 0 0 0 0 0 0 0 0.0243443 0 0.692134 0 0 0 0.294152 0 0 0 0 0 0 0 0 0 
0 0 0 0.101026 0 0 0 0 0 0 0 0 0.0203051 0 0 0 0 0 0 0 0 0 0 0 0 0 0 0 0 0 0 0 0 0.0052329 0 0 0 0 0 0 0 0 0 0 0 0 0 0 0 0 1.23932e-60 0 0 0 0.285211 0 0 0 0 0 0 0 0 0 0 0 0 0 0 0 0 0 0 0 0 0 0 0 0 0 0 0 0 0 0 0 0 0.793655 0 1.28794e-302 0 0 0 0 0 0 0 0 0 0 
0 0 0 0 0 0.213069 0 0 0 0 0 0 0 0 0 0 0 0 0 0 0 0 0 0 0.272031 0 0 0 1.43834e-89 0 0 0 0.034467 0 0 0 0 0 0 0 0 0 0 0 0 0.0616016 0 0 0 0 0 0 0.0189816 0 0 0 0 0 0 0 0 0 0 0 0 0 0 0 0 0 0 0 0 0 0 0 0 0 0 0 0 0 0 0 0.00811476 0 0 0 0.643493 0 0 0 0 0 0 0 0.150472 0 0 0 
0 0 0 0 0 0 0.00899653 0 0 0 0 0 8.88324e-82 0 0 0 0 0 0 0 0 0 0 0 0 0 0 0.00235349 0 0 0 0 0 0 0 0 0 0 0 0 0 0 0 0 0 0 0 0 0 0 0 0 0 0 0 0 0 0 0 0 0 7.09377e-209 0 0.0195188 0 0 0 0 0 0 0 0 0 0 0 4.04686e-09 0 0 0 0 0 0 0 0 0 0 0 0.178832 0 0.862622 0 0 0 0 0 0 0 0 0 0 
0 0 0 0 0 0 0 0 0 0 0 0 0 0 0.166667 0 0 0 0 0 0 0 0 0 0 0 0 0 0 0 0 0 0 0 0 0 0 0 0 0 0 0 0 0 0 0 0 0 0 0 0 0 0 0 0 0 0 0 0 0 0 0 0 0 0 0 0 0 0 0 0 0 0 0 0 0 0 0 0 0 0 0 0 0 0.0405738 0 0 0 0 0 0.647018 0 0 0 0 0 0 0 0 0 
0 0 0 0 0 0 0 0 0 0 0 0 0 0 0 0 0 0 0 0 0 0 0 0 0 0 0 0 0 0 0 0 0 0 0 0 0 0 0 0 0 0.444444 0 0 0 0 0 0 0 0 0 0 0 0 0 0 0 0 0 0 0 0 0 0 0 0 0 0 0 0 0 0 0 0 0.00243635 0 0 0 0 0 0 0 0 0 0 0 0 0 0 0 0 0.25 0 0 0 0 0 0 0 0 
0 0 0 0 0.0636582 0 0 0 0 0 0 0 0 0 0 0 0 0 0 0 0 0 0 0 0 0 0 0.00470329 0 0 0 0.139361 0 0 0 0 0 0 0 0 0 0 0 0 0 0 0 0 0 0.0159146 0 0 0 0 0 0 0 0 0 0 0 0 0 0 0 0 0 0 0 0 0 0 0 0 0 0 0 0 0 0 0 0 0 0 2.26654e-153 0 0 0 0 0 0 0 0.592249 0 0 0 0 0 0 0 
0 0 0 0 0 0 0 0 0 0 0 0 0 0 0 0 0 0 0 0 0.277834 0 0 0 0 0 0 0 0 0 0 0 0 0 0 0 0 0 0 0 0 0 0 0 0 0 0 0 0 0 0 0.142857 0 0 0 0 0 0 0 0 0 0 0 0 0 0 0 0.0801223 0 0 0 0 0 0 0 0 0 0 0 2.78308e-262 0 0 0 0 0 0 0 0 0 0 0 0 0 0.555519 0 0 0 0 0 0 
0 0 0 0 0 0 0 0 0 0 0 2.25283e-168 0 0 0 0 0 0 5.59235e-238 0 0 0 0 0 0 0 0 0.0117863 0 0 0 0 0 0 0 0 0 0 0 0 0 0 0 0 0 0 0.0876394 0 0 0 0 0 0 0 0 2.8648e-217 0 0 0 0 0 0 0 0 0 0 0 0 0 0 0 0 0 0 0 0 0.0399204 0 0 0 0 0 0 0 0 0 0 0 0 0 0 0 0 0 0.798655 0.00882513 0 0.177621 0 0 
0 0 0 0 0 0 0 0 0 0 0.0228643 0 0 0 0 0 0 0 6.55304e-269 0 0 0 0 0 0 0 0 0 0 0 0.00947217 8.11467e-276 0 0 0 0 0 0.0167577 0 0 0 0 0 0 0 0 0 0 0.318956 1.02347e-235 0 0 0 0 0 0 0 0 0 0 0 0 0 0 0 0 0 0 0 3.2777e-240 0.400366 0 0 0 0 0 0 7.25748e-293 0 0 0 0 0 0 0 0 0 0 0 0 0 0 0.150668 0 0 0.734524 0 0 0 0 
0 0 0 0.0199577 0 0.143025 0 0 0 0 0 0 0 0 0 0 0 0 0 0 0 0 0 0 0.0319936 0 0 0 0 0 0 0 0 0 0 0 0 0 0 0 0 0 0 0 0 3.3388e-249 0 0 0 0 0 0 0 0 0 0 0 0 0 0 0 0 0 0 0.0769355 0 0 0 0 0 0 0 0.0313578 0 0 0 0 0 0 0 0 0 0 0 0 0 0 0 0 0 0 0 0 0 0 0 0.700374 0 0 0 
0 0.0999979 0 0 0 0 0 0 0 0 0 0.0682166 0 0 0 0 0 0 0 0 0 0 0 0 0 0 0 0 0 0 0 0 0 0 0 0 0 0 0 0 0 0 0 0 0 0 2.73318e-180 0 0 0.0312368 0 0 0 0 0 0 0 0 0 0 0 0 0 0 0 0 0 0 0 0 0 0 0 0 0 0 0 0 0 0 0 0 0 0 0 0 0 0 0 0 0 0 0 0 0 0 0 0.751156 0 0 
0 0 0 0 0 0 1.12909e-233 0 0 0 0 0 0 0 0 0 0 0 0 0 0 0 0 0 0 0 0 0.00470247 0 0 0 0 0 0 0 0 0 0 0 0 0 0 0 0 0 0 0 0 0 0 0 0 0 0 0 0 0 0 0 0 0 0 0 0 0 0 0 0 0 0 0 0 0 0 0 0.0118444 0 0 0 0 0 0 0 0 0.0243479 0 0 0 0 0 0 0 0 0 0 0 0 0 0.230769 0 
0 0 0 0 0 0 0 0 0 0 0 0 0 0 0 0 0 0 0 0 0 0 0 0 0 0 0 0 0 0 0 0 0 0 0 0 0 0 0 0 0 0 0 0 0 0 0 0 0 0 0 0 0 0 0 0 0 0 0 0 0 0 0 0 0 0 0 0 0 0 0 0 0 0 0 0.00473818 0 0 0 0 0 0 0 0 0.0324558 0 0 0 0 0 0 0 0 0 0 0 0 0 0 0.333319 


12	0 0 0 0 0.390148 0.383437 0.474136 0.473361 0.559088 0.573239 -1.92764 3.64918 
12 12	1e-06 0 0 0 0 0 0 0 0 0 0 0 
0 1e-06 0 0 0 0 0 0 0 0 0 0 
0 0 1e-06 0 0 0 0 0 0 0 0 0 
0 0 0 1e-06 0 0 0 0 0 0 0 0 
0 0 0 0 0.526123 0.379141 0.251635 -0.0159525 0.394928 -0.0203528 1.36346 0.164091 
0 0 0 0 0.379141 0.437436 -0.0501818 0.0800415 -0.0653742 0.117979 -0.0393807 0.864683 
0 0 0 0 0.251635 -0.0501818 1.41827 0.474728 1.73794 0.153153 5.2069 0.784532 
0 0 0 0 -0.0159525 0.0800415 0.474728 0.803954 0.0645219 0.6616 0.0948934 3.31704 
0 0 0 0 0.394928 -0.0653742 1.73794 0.0645219 4.59704 0.869764 11.9187 1.94013 
0 0 0 0 -0.0203528 0.117979 0.153153 0.6616 0.869764 2.30002 0.177592 8.13755 
0 0 0 0 1.36346 -0.0393807 5.2069 0.0948934 11.9187 0.177592 305.512 45.5081 
0 0 0 0 0.164091 0.864683 0.784532 3.31704 1.94013 8.13755 45.5081 292.902 


12	0.0188146 20.4414 0.134184 32.5921 0.433894 38.1347 1.34966 35.8445 0.693264 27.5453 -2.25456 46.0251 
12 12	36.4743 37.6685 49.6206 41.7336 51.7146 32.5608 46.2999 34.2622 21.5962 0.481351 48.2483 2.94065 
37.6685 219.979 43.732 215.247 33.9652 43.7398 28.805 -83.6311 -8.3714 -196.884 52.8428 216.542 
49.6206 43.732 79.8651 55.1463 91.3176 42.8448 77.3475 52.5551 48.9999 11.9623 61.3439 8.57534 
41.7336 215.247 55.1463 281.485 50.6115 106.404 52.0609 -68.8028 22.0695 -186.09 55.7087 172.006 
51.7146 33.9652 91.3176 50.6115 114.224 53.0187 96.7006 68.2019 68.5125 20.0329 58.4185 7.3867 
32.5608 43.7398 42.8448 106.404 53.0187 189.152 64.0837 67.4654 47.1792 -15.7025 51.0445 -43.5754 
46.2999 28.805 77.3475 52.0609 96.7006 64.0837 92.6383 61.6995 63.8917 15.0782 44.1729 -34.1862 
34.2622 -83.6311 52.5551 -68.8028 68.2019 67.4654 61.6995 199.935 53.755 143.161 63.0311 -102.586 
21.5962 -8.3714 48.9999 22.0695 68.5125 47.1792 63.8917 53.755 63.6303 36.7313 23.4317 -38.887 
0.481351 -196.884 11.9623 -186.09 20.0329 -15.7025 15.0782 143.161 36.7313 293.865 42.8783 -123.648 
48.2483 52.8428 61.3439 55.7087 58.4185 51.0445 44.1729 63.0311 23.4317 42.8783 134.955 124.021 
2.94065 216.542 8.57534 172.006 7.3867 -43.5754 -34.1862 -102.586 -38.887 -123.648 124.021 819.107 


12	-51.0088 -6.73572 -50.6726 -6.91953 -38.1167 -5.66589 -21.9379 -3.21414 -10.0364 -1.10933 -156.833 -10.5925 
12 12	289.75 33.1174 184.23 16.1937 9.43857 3.33095 -92.2246 -10.0487 -76.9209 -9.23925 -88.4903 -40.6663 
33.1174 37.5623 10.7888 31.1658 7.6129 16.1447 -7.56173 5.54608 -9.60181 0.295955 21.7695 38.8433 
184.23 10.7888 268.674 23.0476 88.6917 9.00872 2.8671 5.99327 -30.9241 0.619568 -238.03 -123.567 
16.1937 31.1658 23.0476 36.9792 17.0693 24.2576 9.75088 12.8702 2.41496 3.76821 -17.8026 34.995 
9.43857 7.6129 88.6917 17.0693 193.016 30.045 111.241 18.744 32.5994 7.29685 -297.54 -50.4082 
3.33095 16.1447 9.00872 24.2576 30.045 26.0055 26.8297 16.4616 13.2361 6.3797 -37.2325 21.1194 
-92.2246 -7.56173 2.8671 9.75088 111.241 26.8297 183.118 38.3173 81.1916 16.6798 -252.402 8.33593 
-10.0487 5.54608 5.99327 12.8702 18.744 16.4616 38.3173 16.8274 19.4156 7.40304 -42.4237 12.442 
-76.9209 -9.60181 -30.9241 2.41496 32.5994 13.2361 81.1916 19.4156 62.6776 11.2474 -47.8661 20.4495 
-9.23925 0.295955 0.619568 3.76821 7.29685 6.3797 16.6798 7.40304 11.2474 4.21583 -16.2632 0.708388 
-88.4903 21.7695 -238.03 -17.8026 -297.54 -37.2325 -252.402 -42.4237 -47.8661 -16.2632 2175.58 277.338 
-40.6663 38.8433 -123.567 34.995 -50.4082 21.1194 8.33593 12.442 20.4495 0.708388 277.338 394.477 


12	8.13004 -10.2341 11.0824 -16.0771 12.8438 -20.4786 12.2278 -20.877 10.093 -18.1708 19.3869 -9.96283 
12 12	44.0199 -56.28 43.3897 -60.2986 25.3537 -31.7226 -2.53479 16.0521 -16.3377 45.3743 40.7157 -25.6502 
-56.28 89.3749 -54.4711 98.6804 -22.6865 54.633 19.3942 -17.424 38.4344 -59.0163 -46.4445 51.0456 
43.3897 -54.4711 54.8131 -76.3186 36.7831 -49.4104 5.56258 2.28295 -10.8079 37.1456 39.214 -17.7843 
-60.2986 98.6804 -76.3186 142.084 -39.2875 97.4884 14.5346 6.78989 42.1884 -53.1639 -49.6541 53.091 
25.3537 -22.6865 36.7831 -39.2875 55.0822 -67.5128 38.886 -43.2499 19.9729 -8.31684 38.4329 -6.04496 
-31.7226 54.633 -49.4104 97.4884 -67.5128 147.848 -31.3485 94.214 6.66733 22.0333 -38.3065 34.9723 
-2.53479 19.3942 5.56258 14.5346 38.886 -31.3485 70.69 -82.2917 64.7421 -75.4808 42.117 0.0644203 
16.0521 -17.424 2.28295 6.78989 -43.2499 94.214 -82.2917 169.606 -63.4817 141.857 -38.1359 21.251 
-16.3377 38.4344 -10.8079 42.1884 19.9729 6.66733 64.7421 -63.4817 88.285 -105.646 59.6386 -3.38616 
45.3743 -59.0163 37.1456 -53.1639 -8.31684 22.0333 -75.4808 141.857 -105.646 207.162 -50.7759 12.7039 
40.7157 -46.4445 39.214 -49.6541 38.4329 -38.3065 42.117 -38.1359 59.6386 -50.7759 289.836 -152.881 
-25.6502 51.0456 -17.7843 53.091 -6.04496 34.9723 0.0644203 21.251 -3.38616 12.7039 -152.881 184.412 


12	12.6663 26.2409 12.9071 24.1587 9.98717 18.3055 7.03298 12.2668 4.00985 6.48484 51.3463 101.969 
12 12	44.7909 13.7722 37.4441 15.4674 26.4258 13.6217 7.17727 -0.74326 -1.39221 -3.57506 44.4974 -81.577 
13.7722 186.941 -2.91892 77.4308 -14.0861 15.5988 -38.93 -46.4425 -24.9066 -35.7827 -156.801 187.738 
37.4441 -2.91892 56.3925 38.2255 35.5372 22.4968 21.0889 18.6498 4.84939 4.8926 37.5368 -113.447 
15.4674 77.4308 38.2255 92.016 16.932 36.5201 -5.3024 -5.0121 -10.5591 -16.0886 -84.107 27.3869 
26.4258 -14.0861 35.5372 16.932 50.946 52.6376 34.0729 39.0758 15.2917 19.0951 51.3924 -128.245 
13.6217 15.5988 22.4968 36.5201 52.6376 84.2799 26.4419 39.9113 9.79948 12.4065 -7.0678 -108.852 
7.17727 -38.93 21.0889 -5.3024 34.0729 26.4419 50.1476 63.9348 31.0064 41.4747 54.0725 -98.0607 
-0.74326 -46.4425 18.6498 -5.0121 39.0758 39.9113 63.9348 91.6766 37.2059 51.9768 41.1617 -125.827 
-1.39221 -24.9066 4.84939 -10.5591 15.2917 9.79948 31.0064 37.2059 31.4943 42.8623 35.8047 -48.718 
-3.57506 -35.7827 4.8926 -16.0886 19.0951 12.4065 41.4747 51.9768 42.8623 59.861 44.3418 -72.5167 
44.4974 -156.801 37.5368 -84.107 51.3924 -7.0678 54.0725 41.1617 35.8047 44.3418 412.708 -94.5754 
-81.577 187.738 -113.447 27.3869 -128.245 -108.852 -98.0607 -125.827 -48.718 -72.5167 -94.5754 1122.46 


12	-4.14843 -11.5354 -7.73256 -23.531 -10.1434 -33.9926 -13.9117 -46.1987 -13.1885 -39.9721 -6.92865 -11.7612 
12 12	22.2993 58.2444 22.9776 51.0725 21.9457 32.3184 21.5668 13.304 1.51431 -35.6492 18.6985 -26.6375 
58.2444 176.879 57.0622 165.215 46.1507 101.289 36.728 17.4748 -20.367 -124.538 16.3844 -74.7114 
22.9776 57.0622 38.4888 82.1708 41.621 57.1194 41.2121 17.6924 23.1948 -20.7269 24.1738 -32.3553 
51.0725 165.215 82.1708 267.286 74.1713 200.777 51.9518 36.7119 3.49891 -92.9109 9.76685 -73.9497 
21.9457 46.1507 41.621 74.1713 61.41 86.4392 67.5341 52.0053 50.668 15.0923 27.5587 -77.7158 
32.3184 101.289 57.1194 200.777 86.4392 282.494 72.8267 122.868 38.6811 -14.83 55.5304 -146.064 
21.5668 36.728 41.2121 51.9518 67.5341 72.8267 85.511 65.3054 71.4953 44.5828 36.6569 -104.336 
13.304 17.4748 17.6924 36.7119 52.0053 122.868 65.3054 158.029 57.8304 125.101 47.9638 -143.146 
1.51431 -20.367 23.1948 3.49891 50.668 38.6811 71.4953 57.8304 87.8375 103.787 37.9106 -113.751 
-35.6492 -124.538 -20.7269 -92.9109 15.0923 -14.83 44.5828 125.101 103.787 299.324 0.694654 -109.533 
18.6985 16.3844 24.1738 9.76685 27.5587 55.5304 36.6569 47.9638 37.9106 0.694654 230.866 38.3783 
-26.6375 -74.7114 -32.3553 -73.9497 -77.7158 -146.064 -104.336 -143.146 -113.751 -109.533 38.3783 561.824 


12	-0.614578 0.189504 -0.121728 0.0719975 0.0610627 0.0716521 0.11879 0.0716521 -0.0381144 0 28.3475 10.0914 
12 12	75.0307 3.149 23.6852 -0.00317362 9.60441 -0.0091852 7.31078 -0.00918522 1.02144 0 1051.64 33.3631 
3.149 7.4753 0.803697 2.41308 0.207703 2.34981 0.00789637 2.34981 0.0798865 0 46.4733 222.492 
23.6852 0.803697 9.75735 -0.143759 4.25108 -0.16832 3.48414 -0.16832 0.310201 0 396.814 -1.75091 
-0.00317362 2.41308 -0.143759 1.32544 -0.142185 1.30904 -0.152595 1.30904 0.00332891 0 -5.13012 97.205 
9.60441 0.207703 4.25108 -0.142185 2.77672 -0.165668 2.49116 -0.165668 0.114001 0 226.147 -11.6716 
-0.0091852 2.34981 -0.16832 1.30904 -0.165668 1.31126 -0.169805 1.31126 0.00273098 0 -5.93518 96.1603 
7.31078 0.00789637 3.48414 -0.152595 2.49116 -0.169805 2.35631 -0.169805 0.0556571 0 204.527 -15.0372 
-0.00918522 2.34981 -0.16832 1.30904 -0.165668 1.31126 -0.169805 1.31126 0.00273098 0 -5.93518 96.1603 
1.02144 0.0798865 0.310201 0.00332891 0.114001 0.00273098 0.0556571 0.00273098 0.0295998 0 10.4194 1.54602 
0 0 0 0 0 0 0 0 0 1e-06 0 0 
1051.64 46.4733 396.814 -5.13012 226.147 -5.93518 204.527 -5.93518 10.4194 0 35610.2 1545.59 
33.3631 222.492 -1.75091 97.205 -11.6716 96.1603 -15.0372 96.1603 1.54602 0 1545.59 13990.9 


12	-4.56913 -7.9817 -2.00651 -3.91482 -1.13739 -2.47243 -1.09414 -2.26448 -0.555556 -0.876295 -95.7143 -191.412 
12 12	21.5435 28.5112 5.87772 5.45923 0.121974 -1.64499 -0.691927 -0.991995 -1.17701 -1.51169 235.241 -15.905 
28.5112 38.9474 8.10866 8.23101 0.0613959 -2.33847 -0.904968 -1.38694 -1.47743 -1.9095 292.057 9.61343 
5.87772 8.10866 2.08584 2.38068 0.230954 0.0472307 -0.00896815 0.370585 -0.190173 0.060832 78.7904 12.8988 
5.45923 8.23101 2.38068 3.75966 0.332063 0.940902 0.173487 1.27256 -0.189299 0.496321 95.5415 39.3887 
0.121974 0.0613959 0.230954 0.332063 0.839872 1.43342 0.829556 1.6433 0.185655 0.663949 41.7218 21.764 
-1.64499 -2.33847 0.0472307 0.940902 1.43342 3.48979 1.5121 3.65299 0.34691 1.61547 80.4713 43.1463 
-0.691927 -0.904968 -0.00896815 0.173487 0.829556 1.5121 0.871953 1.68412 0.211002 0.673466 31.0596 25.3264 
-0.991995 -1.38694 0.370585 1.27256 1.6433 3.65299 1.68412 3.9924 0.390503 1.76798 97.2104 50.8741 
-1.17701 -1.47743 -0.190173 -0.189299 0.185655 0.34691 0.211002 0.390503 0.540905 1.14542 -7.61129 5.45392 
-1.51169 -1.9095 0.060832 0.496321 0.663949 1.61547 0.673466 1.76798 1.14542 2.89876 29.6174 18.6461 
235.241 292.057 78.7904 95.5415 41.7218 80.4713 31.0596 97.2104 -7.61129 29.6174 6412.89 568.086 
-15.905 9.61343 12.8988 39.3887 21.764 43.1463 25.3264 50.8741 5.45392 18.6461 568.086 1587.67 


12	-5.69857 -1.3384 -5.99465 -1.25114 -6.48343 -1.20661 -7.31691 -1.32566 -7.82358 -1.34024 -71.1669 -30.9838 
12 12	25.7665 8.50105 19.9871 6.97874 11.7637 4.94269 2.61907 3.10841 -8.06884 0.168093 34.0091 -5.28382 
8.50105 4.71179 7.36417 3.87701 4.36808 3.04829 1.48178 2.16522 -1.75835 1.20442 -1.11779 3.77227 
19.9871 7.36417 20.7492 6.01062 14.3062 4.56806 7.62275 3.13851 -1.80052 1.06496 19.6346 -9.17465 
6.97874 3.87701 6.01062 3.60118 3.2204 2.80202 1.06436 2.01754 -1.88117 1.17835 -4.66617 2.40424 
11.7637 4.36808 14.3062 3.2204 18.619 2.42721 16.6768 2.51432 12.5902 2.21165 17.4173 -7.99275 
4.94269 3.04829 4.56806 2.80202 2.42721 2.79958 1.0262 2.40735 -1.33548 1.63038 -3.61893 1.71656 
2.61907 1.48178 7.62275 1.06436 16.6768 1.0262 25.6826 2.29531 26.8735 3.93212 18.7427 -4.44207 
3.10841 2.16522 3.13851 2.01754 2.51432 2.40735 2.29531 3.24708 0.113197 2.67528 5.99528 3.46796 
-8.06884 -1.75835 -1.80052 -1.88117 12.5902 -1.33548 26.8735 0.113197 42.9756 4.52477 14.1652 2.09805 
0.168093 1.20442 1.06496 1.17835 2.21165 1.63038 3.93212 2.67528 4.52477 4.3014 7.97679 7.01926 
34.0091 -1.11779 19.6346 -4.66617 17.4173 -3.61893 18.7427 5.99528 14.1652 7.97679 624.312 101.597 
-5.28382 3.77227 -9.17465 2.40424 -7.99275 1.71656 -4.44207 3.46796 2.09805 7.01926 101.597 107.148 


12	-0.0158003 0.298885 -0.109557 0.204014 -0.117374 0.211507 -0.126878 0.227714 -0.140842 0.445648 -3.78351 8.03807 
12 12	0.222171 0.11122 0.108868 0.0187052 0.108486 0.0171766 0.121988 0.0168559 0.220206 0.0440984 2.23786 0.274297 
0.11122 0.16435 0.0201802 0.0833201 0.0201555 0.0804212 0.0127479 0.0797654 0.046887 0.152268 0.338153 1.67982 
0.108868 0.0201802 0.116385 0.023175 0.117057 0.02167 0.129614 0.0207976 0.230194 0.0491668 2.19746 0.684558 
0.0187052 0.0833201 0.023175 0.0927422 0.0236284 0.0914881 0.0184149 0.0910697 0.0579567 0.164212 0.37206 1.98028 
0.108486 0.0201555 0.117057 0.0236284 0.125315 0.0263645 0.144952 0.0296779 0.25229 0.0627968 2.25559 0.803495 
0.0171766 0.0804212 0.02167 0.0914881 0.0263645 0.100061 0.0235858 0.106171 0.0611959 0.178202 0.419265 2.02213 
0.121988 0.0127479 0.129614 0.0184149 0.144952 0.0235858 0.252682 0.0335128 0.494865 0.0464202 2.97661 1.13058 
0.0168559 0.0797654 0.0207976 0.0910697 0.0296779 0.106171 0.0335128 0.169351 0.0773906 0.296108 0.862031 2.17233 
0.220206 0.046887 0.230194 0.0579567 0.25229 0.0611959 0.494865 0.0773906 1.69753 0.2573 6.87758 3.57204 
0.0440984 0.152268 0.0491668 0.164212 0.0627968 0.178202 0.0464202 0.296108 0.2573 1.09013 3.01004 4.95608 
2.23786 0.338153 2.19746 0.37206 2.25559 0.419265 2.97661 0.862031 6.87758 3.01004 174.668 1.01032 
0.274297 1.67982 0.684558 1.98028 0.803495 2.02213 1.13058 2.17233 3.57204 4.95608 1.01032 168.366 


12	3.50946 1.04051 3.86917 1.12307 4.14701 1.2134 3.99456 1.15489 3.79168 1.1393 50.6514 28.917 
12 12	8.289 2.86553 5.38674 2.00227 2.28996 0.912614 -0.15719 0.0760785 -1.19029 -0.256613 10.0083 2.14289 
2.86553 1.53687 1.04268 0.812923 -0.325414 0.257742 -1.05044 -0.0621379 -1.06453 -0.109746 -0.525087 0.369748 
5.38674 1.04268 7.69843 2.29924 5.15657 1.7183 1.44602 0.7197 -0.956488 0.014154 12.0019 1.97514 
2.00227 0.812923 2.29924 1.18928 0.767312 0.699957 -0.942237 0.150989 -1.52366 -0.0617713 0.180193 0.441785 
2.28996 -0.325414 5.15657 0.767312 7.7496 2.02124 5.57318 1.67538 1.4606 0.481023 8.96407 0.742587 
0.912614 0.257742 1.7183 0.699957 2.02124 1.09952 0.597587 0.712634 -1.09743 0.131515 -1.07935 0.214589 
-0.15719 -1.05044 1.44602 -0.942237 5.57318 0.597587 8.99352 2.09335 6.52672 1.64141 6.23758 0.16656 
0.0760785 -0.0621379 0.7197 0.150989 1.67538 0.712634 2.09335 1.13926 0.659473 0.712048 -1.40302 0.833612 
-1.19029 -1.06453 -0.956488 -1.52366 1.4606 -1.09743 6.52672 0.659473 10.7848 2.58012 6.63805 -1.38262 
-0.256613 -0.109746 0.014154 -0.0617713 0.481023 0.131515 1.64141 0.712048 2.58012 1.3391 -0.128358 0.56936 
10.0083 -0.525087 12.0019 0.180193 8.96407 -1.07935 6.23758 -1.40302 6.63805 -0.128358 119.906 19.2363 
2.14289 0.369748 1.97514 0.441785 0.742587 0.214589 0.16656 0.833612 -1.38262 0.56936 19.2363 32.3394 


12	1.20816 13.1301 0.731402 12.3745 0.383583 8.01766 0.163477 4.01585 0.285373 2.73922 18.8885 83.3344 
