10	0.0041234 0.0108545 0.00414664 0.00821808 0.00413854 0.936116 0.00828089 0.0117335 0.00823949 0.00414938 

10 10	0.272273 0.197238 0.0936056 0.420048 0.604976 1.52283e-11 0.255139 0.00778577 0.256022 0.379654 
0.343113 0.3559 0.21452 0.321909 2.3977e-64 0.0312811 0.226928 0.0137413 0.114926 0.0609804 
0.0450051 0.000563007 0.0946909 9.78624e-14 2.17357e-08 0.00638021 1.57493e-06 0.0360498 0.0345512 2.98196e-13 
0.0435439 0.0033988 1.20833e-07 0.0432447 7.0192e-59 2.63492e-44 0.0347338 0.00372745 0.0992486 0.189442 
3.60504e-102 9.16257e-179 0.0117668 3.17719e-231 7.47907e-30 6.56487e-40 1.59138e-166 4.02139e-65 9.67145e-66 0.284374 
0.145547 0.228731 0.0099918 0.0323441 7.47095e-88 0.0968199 0.361765 0.000250621 0.0756846 2.35242e-34 
0.0815192 0.00516849 0.0622027 0.182441 1.85177e-104 5.46281e-21 0.121432 5.90792e-13 0.108219 0.0462616 
0.00211634 0.187391 0.00396576 1.27082e-05 1.28578e-80 0.865519 2.28514e-07 0.925857 0.0249463 3.24933e-11 
0.0668824 0.021609 0.204407 4.07122e-17 0.395024 9.40473e-13 1.31144e-08 0.00730206 0.2517 6.26898e-07 
2.95612e-136 1.89062e-98 0.30485 6.05007e-256 2.77667e-51 5.89331e-36 2.39424e-163 0.00528604 0.0347022 0.0392876 


12	0 0 0 0 0 0 0 0 0 0 16.092 97.092 
12 12	1 0 0 0 0 0 0 0 0 0 0 0 
0 1 0 0 0 0 0 0 0 0 0 0 
0 0 1 0 0 0 0 0 0 0 0 0 
0 0 0 1 0 0 0 0 0 0 0 0 
0 0 0 0 1 0 0 0 0 0 0 0 
0 0 0 0 0 1 0 0 0 0 0 0 
0 0 0 0 0 0 1 0 0 0 0 0 
0 0 0 0 0 0 0 1 0 0 0 0 
0 0 0 0 0 0 0 0 1 0 0 0 
0 0 0 0 0 0 0 0 0 1 0 0 
0 0 0 0 0 0 0 0 0 0 1 1.42109e-14 
0 0 0 0 0 0 0 0 0 0 1.42109e-14 1 


12	0 0 0 0 0 0 0 0 0 0 73.2241 -79.0593 
12 12	1 0 0 0 0 0 0 0 0 0 0 0 
0 1 0 0 0 0 0 0 0 0 0 0 
0 0 1 0 0 0 0 0 0 0 0 0 
0 0 0 1 0 0 0 0 0 0 0 0 
0 0 0 0 1 0 0 0 0 0 0 0 
0 0 0 0 0 1 0 0 0 0 0 0 
0 0 0 0 0 0 1 0 0 0 0 0 
0 0 0 0 0 0 0 1 0 0 0 0 
0 0 0 0 0 0 0 0 1 0 0 0 
0 0 0 0 0 0 0 0 0 1 0 0 
0 0 0 0 0 0 0 0 0 0 6.66921 -36.7357 
0 0 0 0 0 0 0 0 0 0 -36.7357 206.817 


12	0 0 0 0 0 0 0 0 0 0 -157.908 -33.908 
12 12	1 0 0 0 0 0 0 0 0 0 0 0 
0 1 0 0 0 0 0 0 0 0 0 0 
0 0 1 0 0 0 0 0 0 0 0 0 
0 0 0 1 0 0 0 0 0 0 0 0 
0 0 0 0 1 0 0 0 0 0 0 0 
0 0 0 0 0 1 0 0 0 0 0 0 
0 0 0 0 0 0 1 0 0 0 0 0 
0 0 0 0 0 0 0 1 0 0 0 0 
0 0 0 0 0 0 0 0 1 0 0 0 
0 0 0 0 0 0 0 0 0 1 0 0 
0 0 0 0 0 0 0 0 0 0 1 -4.28077e-62 
0 0 0 0 0 0 0 0 0 0 -4.28077e-62 1 


12	0 0 0 0 0 0 0 0 0 0 -14.659 -72.1471 
12 12	1 0 0 0 0 0 0 0 0 0 0 0 
0 1 0 0 0 0 0 0 0 0 0 0 
0 0 1 0 0 0 0 0 0 0 0 0 
0 0 0 1 0 0 0 0 0 0 0 0 
0 0 0 0 1 0 0 0 0 0 0 0 
0 0 0 0 0 1 0 0 0 0 0 0 
0 0 0 0 0 0 1 0 0 0 0 0 
0 0 0 0 0 0 0 1 0 0 0 0 
0 0 0 0 0 0 0 0 1 0 0 0 
0 0 0 0 0 0 0 0 0 1 0 0 
0 0 0 0 0 0 0 0 0 0 1017.93 -577.246 
0 0 0 0 0 0 0 0 0 0 -577.246 328.344 


12	0 0 0 0 0 0 0 0 0 0 188.998 176.998 
12 12	1 0 0 0 0 0 0 0 0 0 0 0 
0 1 0 0 0 0 0 0 0 0 0 0 
0 0 1 0 0 0 0 0 0 0 0 0 
0 0 0 1 0 0 0 0 0 0 0 0 
0 0 0 0 1 0 0 0 0 0 0 0 
0 0 0 0 0 1 0 0 0 0 0 0 
0 0 0 0 0 0 1 0 0 0 0 0 
0 0 0 0 0 0 0 1 0 0 0 0 
0 0 0 0 0 0 0 0 1 0 0 0 
0 0 0 0 0 0 0 0 0 1 0 0 
0 0 0 0 0 0 0 0 0 0 1 -1.36137e-84 
0 0 0 0 0 0 0 0 0 0 -1.36137e-84 1 


12	0 0 0 0 0 0 0 0 0 0 6.91616 13.794 
12 12	1 0 0 0 0 0 0 0 0 0 0 0 
0 1 0 0 0 0 0 0 0 0 0 0 
0 0 1 0 0 0 0 0 0 0 0 0 
0 0 0 1 0 0 0 0 0 0 0 0 
0 0 0 0 1 0 0 0 0 0 0 0 
0 0 0 0 0 1 0 0 0 0 0 0 
0 0 0 0 0 0 1 0 0 0 0 0 
0 0 0 0 0 0 0 1 0 0 0 0 
0 0 0 0 0 0 0 0 1 0 0 0 
0 0 0 0 0 0 0 0 0 1 0 0 
0 0 0 0 0 0 0 0 0 0 42480.6 3100.46 
0 0 0 0 0 0 0 0 0 0 3100.46 17404.9 


12	0 0 0 0 0 0 0 0 0 0 -74.5025 -53.9997 
12 12	1 0 0 0 0 0 0 0 0 0 0 0 
0 1 0 0 0 0 0 0 0 0 0 0 
0 0 1 0 0 0 0 0 0 0 0 0 
0 0 0 1 0 0 0 0 0 0 0 0 
0 0 0 0 1 0 0 0 0 0 0 0 
0 0 0 0 0 1 0 0 0 0 0 0 
0 0 0 0 0 0 1 0 0 0 0 0 
0 0 0 0 0 0 0 1 0 0 0 0 
0 0 0 0 0 0 0 0 1 0 0 0 
0 0 0 0 0 0 0 0 0 1 0 0 
0 0 0 0 0 0 0 0 0 0 1 -2.094 
0 0 0 0 0 0 0 0 0 0 -2.094 5.38483 


12	0 0 0 0 0 0 0 0 0 0 43.4838 73.6262 
12 12	1 0 0 0 0 0 0 0 0 0 0 0 
0 1 0 0 0 0 0 0 0 0 0 0 
0 0 1 0 0 0 0 0 0 0 0 0 
0 0 0 1 0 0 0 0 0 0 0 0 
0 0 0 0 1 0 0 0 0 0 0 0 
0 0 0 0 0 1 0 0 0 0 0 0 
0 0 0 0 0 0 1 0 0 0 0 0 
0 0 0 0 0 0 0 1 0 0 0 0 
0 0 0 0 0 0 0 0 1 0 0 0 
0 0 0 0 0 0 0 0 0 1 0 0 
0 0 0 0 0 0 0 0 0 0 167.052 -68.0078 
0 0 0 0 0 0 0 0 0 0 -68.0078 28.6864 


12	0 0 0 0 0 0 0 0 0 0 -26.769 58.3184 
12 12	1 0 0 0 0 0 0 0 0 0 0 0 
0 1 0 0 0 0 0 0 0 0 0 0 
0 0 1 0 0 0 0 0 0 0 0 0 
0 0 0 1 0 0 0 0 0 0 0 0 
0 0 0 0 1 0 0 0 0 0 0 0 
0 0 0 0 0 1 0 0 0 0 0 0 
0 0 0 0 0 0 1 0 0 0 0 0 
0 0 0 0 0 0 0 1 0 0 0 0 
0 0 0 0 0 0 0 0 1 0 0 0 
0 0 0 0 0 0 0 0 0 1 0 0 
0 0 0 0 0 0 0 0 0 0 5.78864 41.8774 
0 0 0 0 0 0 0 0 0 0 41.8774 303.959 


12	0 0 0 0 0 0 0 0 0 0 -68.157 -97.157 
12 12	1 0 0 0 0 0 0 0 0 0 0 0 
0 1 0 0 0 0 0 0 0 0 0 0 
0 0 1 0 0 0 0 0 0 0 0 0 
0 0 0 1 0 0 0 0 0 0 0 0 
0 0 0 0 1 0 0 0 0 0 0 0 
0 0 0 0 0 1 0 0 0 0 0 0 
0 0 0 0 0 0 1 0 0 0 0 0 
0 0 0 0 0 0 0 1 0 0 0 0 
0 0 0 0 0 0 0 0 1 0 0 0 
0 0 0 0 0 0 0 0 0 1 0 0 
0 0 0 0 0 0 0 0 0 0 1 0 
0 0 0 0 0 0 0 0 0 0 0 1 


12 12	0.567645 -0.0337051 0.111781 0.0216166 0.0253476 0.0596927 -0.305302 -0.00223143 0.238034 -0.0723173 0.117114 0.00332904 
0.0153549 0.675922 -0.0369935 -0.032848 0.0283708 0.111519 0.0395415 -0.295447 -0.028626 0.221109 0.00122783 0.108107 
1 -1.40242e-16 -4.95145e-16 1.3707e-16 -1.25535e-15 1.89647e-16 2.11484e-15 3.46436e-17 -1.07809e-16 -6.98497e-17 1.12068e-16 -5.30243e-18 
6.55942e-18 1 -5.46235e-17 1.13863e-15 9.09222e-17 7.35469e-16 2.0051e-17 -9.40735e-16 -4.31919e-17 6.04009e-16 1.61275e-18 1.00289e-17 
5.1156e-16 -1.32239e-16 1 1.17219e-16 -4.78921e-17 1.49686e-16 5.62452e-16 1.60021e-17 1.23845e-15 -2.58777e-17 8.27003e-18 -1.70169e-18 
-1.21973e-17 7.24247e-16 -5.37087e-17 1 1.9786e-16 3.11979e-15 -9.85201e-17 -1.78895e-15 -1.25767e-17 9.63178e-16 4.03484e-18 -2.9802e-17 
1.45573e-16 -8.9531e-17 -1.20507e-15 8.45766e-17 1 9.3418e-17 1.15964e-15 2.85119e-17 1.06485e-15 -4.70388e-17 4.33616e-17 -3.64773e-18 
-5.88518e-18 1.18774e-16 9.42748e-18 -1.31229e-16 1.20109e-16 1 -6.01021e-17 3.36157e-16 -3.15333e-17 -3.95436e-16 1.1562e-19 -1.5084e-17 
3.04481e-16 -7.40883e-17 -1.00233e-15 6.40118e-17 -1.01138e-16 4.64136e-17 1 2.12006e-17 9.59852e-16 -2.57398e-17 1.17877e-17 -1.71079e-18 
3.96666e-18 -6.65158e-17 8.079e-18 1.05201e-16 5.97124e-17 4.60122e-16 -2.31376e-17 1 -2.06236e-17 1.91179e-16 -4.06788e-19 -3.57109e-18 
-0.567645 0.0337051 -0.111781 -0.0216166 -0.0253476 -0.0596927 0.305302 0.00223143 -0.238034 0.0723173 0.882886 -0.00332904 
-0.0153549 -0.675922 0.0369935 0.032848 -0.0283708 -0.111519 -0.0395415 0.295447 0.028626 -0.221109 -0.00122783 0.891893 

12	0.100172 -0.835616 5.55112e-16 -1.66533e-16 8.88178e-16 3.44776e-16 6.66134e-16 5.55112e-17 2.22045e-16 -1.11022e-16 -0.100172 0.835616 
12 12	11.6124 -0.316274 1.13687e-13 -2.84217e-14 2.27374e-13 -3.19744e-14 1.7053e-13 -3.55271e-14 0 -2.57572e-14 -10.6124 0.316274 
-0.316274 9.84908 -7.10543e-15 -1.13687e-13 -3.55271e-15 -1.13687e-13 -2.66454e-15 -1.13687e-13 -2.66454e-15 -7.10543e-14 0.316274 -8.84908 
1.13687e-13 -7.10543e-15 1 -1.42109e-14 2.27374e-13 -2.4869e-14 1.7053e-13 -2.77556e-14 1.1726e-46 -2.08722e-14 4.54747e-13 1.42109e-14 
-2.84217e-14 -1.13687e-13 -1.42109e-14 1 -1.15463e-14 -1.42109e-13 -9.54792e-15 -1.13687e-13 -4.4964e-15 -7.10543e-14 -5.68434e-14 -2.27374e-13 
2.27374e-13 -3.55271e-15 2.27374e-13 -1.15463e-14 1 -2.22045e-14 1.7053e-13 -2.35367e-14 -5.68434e-14 -1.82077e-14 4.54747e-13 3.90799e-14 
-3.19744e-14 -1.13687e-13 -2.4869e-14 -1.42109e-13 -2.22045e-14 1 -1.5099e-14 -1.42109e-13 -6.66134e-15 -8.52651e-14 -8.52651e-14 -2.27374e-13 
1.7053e-13 -2.66454e-15 1.7053e-13 -9.54792e-15 1.7053e-13 -1.5099e-14 1 -1.5099e-14 -1.13687e-13 -1.24345e-14 1.13687e-13 4.08562e-14 
-3.55271e-14 -1.13687e-13 -2.77556e-14 -1.13687e-13 -2.35367e-14 -1.42109e-13 -1.5099e-14 1 -5.32907e-15 -8.52651e-14 -8.52651e-14 -2.27374e-13 
0 -2.66454e-15 1.1726e-46 -4.4964e-15 -5.68434e-14 -6.66134e-15 -1.13687e-13 -5.32907e-15 1 -5.77316e-15 -5.68434e-14 4.26326e-14 
-2.57572e-14 -7.10543e-14 -2.08722e-14 -7.10543e-14 -1.82077e-14 -8.52651e-14 -1.24345e-14 -8.52651e-14 -5.77316e-15 1 -6.03961e-14 -1.42109e-13 
-10.6124 0.316274 4.54747e-13 -5.68434e-14 4.54747e-13 -8.52651e-14 1.13687e-13 -8.52651e-14 -5.68434e-14 -6.03961e-14 214.525 -2.60431 
0.316274 -8.84908 1.42109e-14 -2.27374e-13 3.90799e-14 -2.27374e-13 4.08562e-14 -2.27374e-13 4.26326e-14 -1.42109e-13 -2.60431 9.87488 


12 12	0.552673 -0.0336947 0.0964389 0.0456243 0.0167055 0.0139501 -0.327455 -0.037854 0.239527 0.00367931 0.0639349 -0.000335546 
-0.0284056 0.556664 0.0256648 0.0227702 0.0176586 -0.0183582 -0.0173466 -0.180661 0.00227322 0.164591 -0.000992624 0.0667348 
1 1.24765e-16 -8.28044e-16 -1.41082e-16 -3.21734e-16 7.2656e-16 9.13262e-16 -4.2733e-16 -4.14917e-16 -5.36477e-17 1.76047e-17 9.89334e-19 
2.50979e-16 1 -2.52314e-16 -4.37692e-16 2.32765e-18 1.24258e-15 -1.88622e-17 -3.32132e-16 3.42676e-17 -5.19929e-16 -1.51449e-18 -2.30393e-18 
2.69685e-16 -1.20482e-16 1 -6.44626e-17 5.46269e-16 8.10001e-16 -1.6532e-16 -3.88092e-16 6.68987e-18 -1.96695e-16 1.56794e-17 1.55176e-17 
2.1043e-16 -1.87567e-17 -1.02071e-16 1 -4.9133e-17 8.90892e-16 -2.05154e-16 8.78204e-17 1.77674e-16 -1.06428e-15 -3.26446e-18 3.3285e-17 
-1.74946e-17 1.24656e-16 -8.5614e-16 -2.95174e-16 1 8.49505e-16 -3.49745e-16 -4.40161e-16 1.27339e-16 -2.18209e-16 2.55978e-17 -2.84603e-19 
1.5805e-16 2.26436e-16 -1.44199e-16 3.93484e-16 9.02353e-17 1 -1.0102e-16 -3.39833e-16 4.12132e-17 -7.13893e-16 -2.71051e-20 4.64852e-18 
7.60051e-16 -6.28837e-17 -1.21e-15 -4.74406e-17 6.00769e-16 5.51769e-16 1 -3.87547e-16 3.88086e-16 -1.27861e-16 -3.5489e-17 5.86486e-18 
1.14631e-16 -2.49366e-17 -8.45508e-17 4.04489e-16 3.27056e-17 4.57266e-16 -1.30738e-16 1 9.51252e-17 -1.1405e-15 -2.18026e-18 2.00171e-17 
-0.552673 0.0336947 -0.0964389 -0.0456243 -0.0167055 -0.0139501 0.327455 0.037854 -0.239527 -0.00367931 0.936065 0.000335546 
0.0284056 -0.556664 -0.0256648 -0.0227702 -0.0176586 0.0183582 0.0173466 0.180661 -0.00227322 -0.164591 0.000992624 0.933265 

12	0.0698333 -0.29295 -3.33067e-16 -2.22045e-16 -3.88578e-16 -1.66533e-16 -3.33067e-16 -1.11022e-16 -1.11022e-16 -2.22045e-16 -0.0698333 0.29295 
12 12	6.67165 0.324854 5.68434e-14 -4.9738e-14 1.13687e-13 -5.68434e-14 1.13687e-13 -7.10543e-14 5.68434e-14 -3.19744e-14 -5.67165 -0.324854 
0.324854 4.80109 -4.26326e-14 -1.7053e-13 -2.13163e-14 -1.7053e-13 -2.13163e-14 -1.7053e-13 -7.10543e-15 -8.52651e-14 -0.324854 -3.80109 
5.68434e-14 -4.26326e-14 1 -6.39488e-14 1.7053e-13 -6.39488e-14 1.7053e-13 -7.81597e-14 5.68434e-14 -3.55271e-14 2.27374e-13 -1.42109e-13 
-4.9738e-14 -1.7053e-13 -6.39488e-14 1 -3.55271e-14 -2.27374e-13 -3.55271e-14 -2.27374e-13 -1.77636e-14 -1.13687e-13 -1.98952e-13 -6.82121e-13 
1.13687e-13 -2.13163e-14 1.7053e-13 -3.55271e-14 1 -4.26326e-14 2.27374e-13 -6.39488e-14 1.13687e-13 -2.13163e-14 4.54747e-13 -8.52651e-14 
-5.68434e-14 -1.7053e-13 -6.39488e-14 -2.27374e-13 -4.26326e-14 1 -2.84217e-14 -2.55795e-13 -1.42109e-14 -1.13687e-13 -2.27374e-13 -5.68434e-13 
1.13687e-13 -2.13163e-14 1.7053e-13 -3.55271e-14 2.27374e-13 -2.84217e-14 1 -5.68434e-14 5.68434e-14 -7.10543e-15 3.41061e-13 -5.68434e-14 
-7.10543e-14 -1.7053e-13 -7.81597e-14 -2.27374e-13 -6.39488e-14 -2.55795e-13 -5.68434e-14 1 -2.84217e-14 -8.52651e-14 -2.27374e-13 -4.54747e-13 
5.68434e-14 -7.10543e-15 5.68434e-14 -1.77636e-14 1.13687e-13 -1.42109e-14 5.68434e-14 -2.84217e-14 1 7.10543e-15 3.41061e-13 1.40208e-31 
-3.19744e-14 -8.52651e-14 -3.55271e-14 -1.13687e-13 -2.13163e-14 -1.13687e-13 -7.10543e-15 -8.52651e-14 7.10543e-15 1 -1.13687e-13 -2.84217e-13 
-5.67165 -0.324854 2.27374e-13 -1.98952e-13 4.54747e-13 -2.27374e-13 3.41061e-13 -2.27374e-13 3.41061e-13 -1.13687e-13 15.4572 -4.65803 
-0.324854 -3.80109 -1.42109e-13 -6.82121e-13 -8.52651e-14 -5.68434e-13 -5.68434e-14 -4.54747e-13 1.40208e-31 -2.84217e-13 -4.65803 7.62723 


12 12	0.868302 0.0179533 -0.107961 0.0388695 0.0559162 -0.0974834 -0.0076928 0.0181422 0.0441624 0.023742 0.0241931 -0.000985698 
-0.0399919 0.985695 0.102668 -0.153099 -0.0681067 0.0321426 -0.00105178 0.00534131 0.00816064 0.0425149 0.000263406 0.0223369 
1 5.72377e-16 -4.13738e-15 7.56238e-16 3.53713e-15 3.4473e-16 -2.66397e-15 -9.9279e-17 2.0896e-15 3.68652e-16 1.99476e-18 -1.50382e-17 
3.37353e-16 1 -1.79283e-16 -2.05822e-16 -8.64702e-17 1.94106e-15 3.59322e-16 -1.83317e-15 -1.34109e-16 1.20334e-15 -1.67988e-18 -1.06387e-18 
1.02605e-15 -2.04372e-16 1 1.27951e-15 1.20276e-15 -1.62772e-16 -2.90944e-16 9.29822e-16 1.3593e-15 -1.15854e-16 -4.03294e-18 -3.1679e-19 
1.62385e-16 -2.39717e-16 -8.85251e-17 1 1.18275e-16 2.12575e-16 3.77421e-17 5.40803e-16 2.25527e-17 -1.4079e-16 -2.83333e-19 -9.43595e-19 
8.6137e-16 -2.25799e-16 -2.18756e-15 1.43474e-15 1 -7.48426e-16 -3.52116e-16 1.06547e-15 1.68154e-15 -1.33479e-16 -5.24478e-18 -1.61021e-18 
1.71691e-16 -7.84624e-16 -2.04474e-16 2.21013e-15 2.08997e-16 1 3.42748e-16 1.2381e-15 -6.57348e-17 -2.64959e-16 -6.17593e-19 2.23956e-18 
-1.22239e-16 -1.02999e-17 -6.47446e-16 4.85673e-16 1.11069e-15 -1.24567e-16 1 6.25181e-16 1.26459e-15 -8.14956e-17 1.5686e-18 6.66615e-19 
-1.27426e-17 -1.93327e-16 2.10403e-18 8.2295e-16 2.40822e-16 -1.5321e-16 1.65867e-16 1 5.06632e-17 1.74201e-16 3.41884e-19 -3.15096e-19 
-0.868302 -0.0179533 0.107961 -0.0388695 -0.0559162 0.0974834 0.0076928 -0.0181422 -0.0441624 -0.023742 0.975807 0.000985698 
0.0399919 -0.985695 -0.102668 0.153099 0.0681067 -0.0321426 0.00105178 -0.00534131 -0.00816064 -0.0425149 -0.000263406 0.977663 

12	0.159808 -0.0338981 2.498e-16 -2.08167e-16 -3.33067e-16 -2.22045e-16 -9.99201e-16 -4.44089e-16 -1.22125e-15 -3.60822e-16 -0.159808 0.0338981 
12 12	3.94459 0.0310189 -8.52651e-14 -5.68434e-14 -5.68434e-14 -5.68434e-14 -8.52651e-14 -6.75016e-14 -8.52651e-14 -5.77316e-14 -2.94459 -0.0310189 
0.0310189 2.55108 -6.39488e-14 -3.55271e-14 -4.26326e-14 -3.55271e-14 -3.90799e-14 -4.26326e-14 -2.75335e-14 -3.55271e-14 -0.0310189 -1.55108 
-8.52651e-14 -6.39488e-14 1 -5.68434e-14 -2.84217e-14 -6.03961e-14 -8.52651e-14 -7.10543e-14 -8.52651e-14 -6.21725e-14 -5.68434e-13 -2.84217e-13 
-5.68434e-14 -3.55271e-14 -5.68434e-14 1 -4.26326e-14 -3.55271e-14 -3.90799e-14 -4.26326e-14 -2.75335e-14 -3.55271e-14 -1.98952e-13 -1.7053e-13 
-5.68434e-14 -4.26326e-14 -2.84217e-14 -4.26326e-14 1 -5.32907e-14 -1.13687e-13 -6.92779e-14 -1.13687e-13 -6.4837e-14 -3.41061e-13 -2.70006e-13 
-5.68434e-14 -3.55271e-14 -6.03961e-14 -3.55271e-14 -5.32907e-14 1 -4.26326e-14 -4.26326e-14 -2.75335e-14 -3.55271e-14 -2.13163e-13 -1.42109e-13 
-8.52651e-14 -3.90799e-14 -8.52651e-14 -3.90799e-14 -1.13687e-13 -4.26326e-14 1 -6.03961e-14 -1.84741e-13 -6.03961e-14 -3.41061e-13 -2.13163e-13 
-6.75016e-14 -4.26326e-14 -7.10543e-14 -4.26326e-14 -6.92779e-14 -4.26326e-14 -6.03961e-14 1 -4.44089e-14 -3.55271e-14 -2.27374e-13 -1.7053e-13 
-8.52651e-14 -2.75335e-14 -8.52651e-14 -2.75335e-14 -1.13687e-13 -2.75335e-14 -1.84741e-13 -4.44089e-14 1 -4.61853e-14 -3.12639e-13 -1.59872e-13 
-5.77316e-14 -3.55271e-14 -6.21725e-14 -3.55271e-14 -6.4837e-14 -3.55271e-14 -6.03961e-14 -3.55271e-14 -4.61853e-14 1 -1.98952e-13 -1.42109e-13 
-2.94459 -0.0310189 -5.68434e-13 -1.98952e-13 -3.41061e-13 -2.13163e-13 -3.41061e-13 -2.27374e-13 -3.12639e-13 -1.98952e-13 406.829 -22.6945 
-0.0310189 -1.55108 -2.84217e-13 -1.7053e-13 -2.70006e-13 -1.42109e-13 -2.13163e-13 -1.7053e-13 -1.59872e-13 -1.42109e-13 -22.6945 3.83296 


12 12	0.819493 -0.0827386 0.138633 0.392888 -0.346796 -0.430016 1.29486 -1.46852 -1.37903 1.25836 0.173835 0.000555737 
0.0549216 0.769299 -0.253617 0.126613 0.61357 -0.0567659 -1.26118 0.434667 0.28849 -0.292682 0.00746572 0.16959 
1 4.1941e-16 -4.2222e-15 -2.58518e-16 3.13432e-15 6.41895e-16 3.40141e-16 4.46664e-16 -1.34801e-15 2.95265e-15 5.96438e-18 -1.20194e-17 
-1.66046e-16 1 5.2413e-16 -3.08358e-15 -7.98623e-16 9.38382e-15 7.19184e-15 -1.6402e-14 -3.57602e-15 1.04027e-14 8.26704e-19 2.18196e-18 
6.21656e-16 3.68514e-16 1 -7.80975e-16 -1.41751e-15 2.30861e-15 4.05134e-15 -2.50909e-15 -1.60755e-15 3.26188e-15 -5.29057e-18 2.81554e-18 
1.64812e-16 -5.24158e-16 -1.74719e-16 1 3.07507e-16 2.23974e-15 5.50449e-16 -1.50867e-15 6.60062e-16 8.82215e-16 -1.91768e-18 -1.12486e-17 
2.73817e-16 1.85775e-16 -1.05153e-15 -3.37051e-16 1 1.05757e-15 1.3939e-15 -1.19388e-15 -8.27727e-16 1.91001e-15 7.22244e-18 -7.08967e-19 
1.48956e-16 -3.15855e-16 -2.32683e-16 6.5933e-17 3.2089e-16 1 9.16151e-17 -8.45352e-16 5.88369e-16 5.05753e-16 -1.40099e-18 -1.75505e-18 
2.56762e-16 5.83707e-17 -6.79877e-16 -1.82006e-16 6.6189e-16 6.4827e-16 1 2.93182e-16 7.35582e-16 6.98463e-17 -2.00636e-18 -3.56601e-19 
1.41885e-16 -2.8875e-16 -2.36763e-16 2.76756e-16 4.03262e-16 2.82794e-16 -3.73426e-16 1 5.72974e-16 1.75681e-16 -2.36068e-18 4.74677e-18 
-0.819493 0.0827386 -0.138633 -0.392888 0.346796 0.430016 -1.29486 1.46852 1.37903 -1.25836 0.826165 -0.000555737 
-0.0549216 -0.769299 0.253617 -0.126613 -0.61357 0.0567659 1.26118 -0.434667 -0.28849 0.292682 -0.00746572 0.83041 

12	0.872221 -0.65783 1.11022e-15 8.88178e-16 1.11022e-15 -6.66134e-16 5.55112e-16 -5.55112e-16 -1.11022e-16 -3.88578e-16 -0.872221 0.65783 
12 12	13.9527 -1.95382 2.27374e-13 -3.90799e-13 2.27374e-13 -2.27374e-13 1.13687e-13 -1.42109e-13 1.42109e-14 -9.23706e-14 -12.9527 1.95382 
-1.95382 24.2416 -4.12115e-13 1.7053e-13 -2.84217e-13 -2.43438e-30 -1.66978e-13 -2.84217e-14 -9.23706e-14 -1.42109e-14 1.95382 -23.2416 
2.27374e-13 -4.12115e-13 1 -2.34479e-13 1.7053e-13 -1.45661e-13 8.52651e-14 -8.88178e-14 1.42109e-14 -5.86198e-14 2.27374e-13 -7.81597e-13 
-3.90799e-13 1.7053e-13 -2.34479e-13 1 -1.65201e-13 -3.26503e-42 -9.59233e-14 -1.42109e-14 -5.15143e-14 6.08164e-43 -7.38964e-13 3.41061e-13 
2.27374e-13 -2.84217e-13 1.7053e-13 -1.65201e-13 1 -9.9476e-14 8.52651e-14 -5.86198e-14 1.42109e-14 -3.90799e-14 1.13687e-13 -5.7554e-13 
-2.27374e-13 -2.43438e-30 -1.45661e-13 -3.26503e-42 -9.9476e-14 1 -5.86198e-14 -2.84217e-14 -3.28626e-14 -1.42109e-14 -4.40536e-13 1.13687e-13 
1.13687e-13 -1.66978e-13 8.52651e-14 -9.59233e-14 8.52651e-14 -5.86198e-14 1 -3.55271e-14 7.10543e-15 -2.30926e-14 5.68434e-14 -3.33955e-13 
-1.42109e-13 -2.84217e-14 -8.88178e-14 -1.42109e-14 -5.86198e-14 -2.84217e-14 -3.55271e-14 1 -2.04281e-14 -1.06581e-14 -2.91323e-13 -5.68434e-14 
1.42109e-14 -9.23706e-14 1.42109e-14 -5.15143e-14 1.42109e-14 -3.28626e-14 7.10543e-15 -2.04281e-14 1 -1.24345e-14 -3.3049e-31 -1.81188e-13 
-9.23706e-14 -1.42109e-14 -5.86198e-14 6.08164e-43 -3.90799e-14 -1.42109e-14 -2.30926e-14 -1.06581e-14 -1.24345e-14 1 -1.84741e-13 -2.84217e-14 
-12.9527 1.95382 2.27374e-13 -7.38964e-13 1.13687e-13 -4.40536e-13 5.68434e-14 -2.91323e-13 -3.3049e-31 -1.84741e-13 32.5667 2.08577 
1.95382 -23.2416 -7.81597e-13 3.41061e-13 -5.7554e-13 1.13687e-13 -3.33955e-13 -5.68434e-14 -1.81188e-13 -2.84217e-14 2.08577 25.1183 


12 12	1.17358 0.025622 -0.697712 0.347666 -1.84644 0.542729 4.20813 -0.446134 -0.256109 5.02211 0.0235393 -0.00632974 
0.343452 1.33205 -0.663508 -0.870881 0.0825539 1.25644 -0.207218 -1.49362 -2.62486 -3.62368 -0.00177681 0.0201305 
1 -3.10006e-15 -2.74067e-14 8.01356e-15 -1.81294e-14 -4.0344e-14 -9.35896e-14 2.29645e-14 -3.26713e-14 9.1704e-15 6.84081e-17 1.27407e-16 
7.30752e-17 1 3.78885e-15 -8.85576e-16 2.18488e-15 1.63758e-14 1.60809e-15 -7.10196e-15 3.10342e-15 -1.76335e-15 1.33704e-18 -2.07896e-17 
-2.42882e-15 -1.10786e-15 1 3.37569e-15 -7.55841e-15 -1.11433e-14 -2.76414e-14 5.48574e-15 -7.88394e-15 2.34497e-15 1.56088e-17 3.20373e-17 
2.04779e-16 3.25803e-16 1.10621e-15 1 -4.80518e-16 7.46495e-15 3.43042e-15 -4.6573e-15 2.38524e-17 -1.43765e-15 7.89223e-19 -1.44944e-17 
-2.44672e-16 4.75152e-17 -2.51621e-15 -4.5775e-16 1 -1.84173e-15 -3.16034e-15 1.47118e-15 -5.63023e-15 2.66971e-16 2.53823e-18 2.0549e-18 
6.06272e-17 1.12079e-16 3.88077e-16 1.49783e-16 -2.9924e-16 1 1.09916e-15 -1.62001e-15 1.64799e-16 -5.11798e-16 4.24946e-19 -3.58464e-18 
-4.0758e-16 -1.45452e-16 -1.11537e-15 2.43918e-16 -1.79707e-15 -2.07191e-15 1 1.2998e-15 -2.02727e-15 3.77777e-16 2.97659e-18 5.36341e-18 
4.56314e-17 2.28767e-16 2.01377e-16 -3.63262e-16 -6.73344e-16 2.0602e-15 1.25464e-15 1 -3.66135e-16 -7.25955e-16 1.03325e-18 -5.32276e-18 
-1.17358 -0.025622 0.697712 -0.347666 1.84644 -0.542729 -4.20813 0.446134 0.256109 -5.02211 0.976461 0.00632974 
-0.343452 -1.33205 0.663508 0.870881 -0.0825539 -1.25644 0.207218 1.49362 2.62486 3.62368 0.00177681 0.979869 

12	-0.656812 -0.324738 -4.56302e-14 4.44089e-16 -1.33227e-14 1.11022e-16 -3.71925e-15 -5.55112e-17 -2.44249e-15 -1.249e-16 0.656812 0.324738 
12 12	2.44396 0.254233 1.05729e-11 -8.39773e-13 3.21165e-12 -3.59379e-13 8.81073e-13 -1.15463e-13 6.21725e-13 -5.86198e-14 -1.44396 -0.254233 
0.254233 1.76303 -4.88498e-13 -1.70098e-30 -1.39444e-13 -7.10543e-15 -3.37508e-14 -8.88178e-15 -2.22045e-14 -7.99361e-15 -0.254233 -0.763035 
1.05729e-11 -4.88498e-13 1 -6.57252e-13 2.58638e-12 -2.81553e-13 7.0699e-13 -8.9706e-14 4.9738e-13 -4.47125e-14 7.13953e-11 4.54747e-13 
-8.39773e-13 -1.70098e-30 -6.57252e-13 1 -1.96287e-13 -5.02225e-42 -4.84057e-14 -5.32907e-15 -3.37508e-14 -5.32907e-15 -5.66658e-12 -4.54747e-13 
3.21165e-12 -1.39444e-13 2.58638e-12 -1.96287e-13 1 -8.34888e-14 2.14939e-13 -2.66454e-14 1.5099e-13 -1.32672e-14 2.18279e-11 1.77636e-13 
-3.59379e-13 -7.10543e-15 -2.81553e-13 -5.02225e-42 -8.34888e-14 1 -2.08722e-14 -1.33227e-15 -1.46549e-14 -1.33227e-15 -2.4194e-12 -2.27374e-13 
8.81073e-13 -3.37508e-14 7.0699e-13 -4.84057e-14 2.14939e-13 -2.08722e-14 1 -6.66134e-15 4.13003e-14 -3.21965e-15 6.0254e-12 9.59233e-14 
-1.15463e-13 -8.88178e-15 -8.9706e-14 -5.32907e-15 -2.66454e-14 -1.33227e-15 -6.66134e-15 1 -4.66294e-15 -4.44089e-16 -7.82707e-13 -1.06581e-13 
6.21725e-13 -2.22045e-14 4.9738e-13 -3.37508e-14 1.5099e-13 -1.46549e-14 4.13003e-14 -4.66294e-15 1 -2.27596e-15 4.20641e-12 6.92779e-14 
-5.86198e-14 -7.99361e-15 -4.47125e-14 -5.32907e-15 -1.32672e-14 -1.33227e-15 -3.21965e-15 -4.44089e-16 -2.27596e-15 1 -4.01457e-13 -7.10543e-14 
-1.44396 -0.254233 7.13953e-11 -5.66658e-12 2.18279e-11 -2.4194e-12 6.0254e-12 -7.82707e-13 4.20641e-12 -4.01457e-13 282.728 8.65277 
-0.254233 -0.763035 4.54747e-13 -4.54747e-13 1.77636e-13 -2.27374e-13 9.59233e-14 -1.06581e-13 6.92779e-14 -7.10543e-14 8.65277 2.01469 


12 12	0.541616 0.0161784 -0.046347 -0.0248369 -0.0110098 0.0262048 -0.115416 0.0145622 0.090829 -0.0400468 0.0152613 -0.000782159 
-0.00302473 0.456154 0.0126711 -0.0507671 0.00244112 -0.00720046 -0.0126071 -0.08744 -0.000850881 0.0716436 -0.000352252 0.0203664 
1 9.60942e-17 -2.49559e-15 -2.18455e-16 -2.43541e-16 -2.10724e-16 2.47461e-15 6.38161e-17 -1.56547e-15 -8.60128e-17 -3.89296e-18 1.70084e-18 
-1.80325e-17 1 -1.95177e-16 -1.68359e-15 -1.19262e-18 6.19268e-16 3.15062e-17 1.10233e-16 6.95143e-17 -4.57923e-16 1.855e-19 -2.34865e-17 
-4.4246e-16 -1.00126e-16 1 -2.40695e-16 -1.6251e-16 -1.38887e-16 6.68671e-16 6.29543e-16 -3.36531e-16 -9.73501e-16 8.486e-18 -6.94228e-18 
-1.96535e-16 8.06023e-16 -4.85519e-17 1 -1.56559e-16 1.10418e-15 2.49892e-16 -1.10974e-15 -1.35037e-16 3.63977e-16 -9.02937e-19 -9.6765e-18 
-1.41883e-16 1.30884e-16 -9.85004e-16 -4.82635e-16 1 -5.43986e-17 5.02575e-16 7.83353e-16 1.35627e-17 -1.28896e-15 -9.47385e-18 -2.48994e-17 
-1.98679e-16 1.01021e-15 -8.93823e-17 -2.15885e-15 -1.16403e-16 1 1.36399e-16 2.49069e-16 -6.72883e-18 -3.81283e-16 -1.11639e-18 -2.29309e-17 
6.24488e-16 4.23516e-17 -1.4836e-15 -4.33283e-16 -1.33067e-16 -4.05098e-17 1 7.79883e-16 -1.63372e-16 -1.24137e-15 -3.68536e-17 -2.44047e-17 
-1.66156e-16 7.04894e-16 -8.82303e-17 -1.93215e-15 -1.11666e-16 3.68763e-16 1.19886e-16 1 -2.64003e-17 -5.24842e-16 -1.28241e-18 -1.36745e-17 
-0.541616 -0.0161784 0.046347 0.0248369 0.0110098 -0.0262048 0.115416 -0.0145622 -0.090829 0.0400468 0.984739 0.000782159 
0.00302473 -0.456154 -0.0126711 0.0507671 -0.00244112 0.00720046 0.0126071 0.08744 0.000850881 -0.0716436 0.000352252 0.979634 

12	0.00935495 -0.0137068 4.996e-16 1.11022e-15 4.996e-16 1.9984e-15 3.33067e-16 1.66533e-15 2.22045e-16 1.55431e-15 -0.00935495 0.0137068 
12 12	3.67151 0.251817 1.13687e-13 3.19744e-14 1.7053e-13 5.50671e-14 1.7053e-13 5.68434e-14 1.13687e-13 5.50671e-14 -2.67151 -0.251817 
0.251817 3.17211 3.37508e-14 4.9738e-14 4.61853e-14 8.52651e-14 4.79616e-14 7.81597e-14 4.26326e-14 7.81597e-14 -0.251817 -2.17211 
1.13687e-13 3.37508e-14 1 7.81597e-14 3.97904e-13 1.27898e-13 3.97904e-13 1.35003e-13 2.84217e-13 1.27898e-13 5.68434e-13 2.41585e-13 
3.19744e-14 4.9738e-14 7.81597e-14 1 1.20792e-13 2.55795e-13 1.20792e-13 2.27374e-13 1.06581e-13 2.27374e-13 1.84741e-13 3.97904e-13 
1.7053e-13 4.61853e-14 3.97904e-13 1.20792e-13 1 1.77636e-13 5.68434e-13 1.84741e-13 4.54747e-13 1.84741e-13 7.95808e-13 3.12639e-13 
5.50671e-14 8.52651e-14 1.27898e-13 2.55795e-13 1.77636e-13 1 1.98952e-13 3.97904e-13 1.77636e-13 3.69482e-13 2.98428e-13 5.68434e-13 
1.7053e-13 4.79616e-14 3.97904e-13 1.20792e-13 5.68434e-13 1.98952e-13 1 2.06057e-13 4.54747e-13 2.13163e-13 9.09495e-13 3.69482e-13 
5.68434e-14 7.81597e-14 1.35003e-13 2.27374e-13 1.84741e-13 3.97904e-13 2.06057e-13 1 1.84741e-13 3.41061e-13 3.12639e-13 5.68434e-13 
1.13687e-13 4.26326e-14 2.84217e-13 1.06581e-13 4.54747e-13 1.77636e-13 4.54747e-13 1.84741e-13 1 1.98952e-13 7.95808e-13 3.41061e-13 
5.50671e-14 7.81597e-14 1.27898e-13 2.27374e-13 1.84741e-13 3.69482e-13 2.13163e-13 3.41061e-13 1.98952e-13 1 3.12639e-13 5.11591e-13 
-2.67151 -0.251817 5.68434e-13 1.84741e-13 7.95808e-13 2.98428e-13 9.09495e-13 3.12639e-13 7.95808e-13 3.12639e-13 34.396 4.8463 
-0.251817 -2.17211 2.41585e-13 3.97904e-13 3.12639e-13 5.68434e-13 3.69482e-13 5.68434e-13 3.41061e-13 5.11591e-13 4.8463 3.85916 


12 12	0.417136 -0.0742245 -0.0566928 0.202232 0.113742 -0.0777429 -0.410433 -0.0512203 0.274112 0.054571 0.0714655 -0.00731731 
0.0227796 0.511853 0.0358263 -0.0837589 -0.01995 0.0557546 -0.00177839 -0.349162 -0.0477105 0.114717 -0.00186987 0.0522547 
1 -2.20147e-16 2.5206e-16 3.4244e-16 -2.12725e-15 -5.27458e-16 -6.92704e-16 1.58819e-15 5.26163e-16 -1.17143e-15 -4.25456e-17 1.13841e-17 
2.57173e-16 1 -5.81729e-16 2.04704e-15 8.81622e-16 -1.19837e-14 -1.00762e-15 1.38682e-14 5.93059e-17 -6.90024e-15 -5.77676e-18 5.00088e-17 
3.73438e-16 2.0547e-16 1 -4.19981e-16 2.28572e-15 -1.06824e-15 -4.65695e-15 2.73692e-15 2.03112e-15 -1.53215e-15 8.18064e-18 1.21295e-18 
2.25467e-16 6.13333e-16 -3.08401e-16 1 3.8728e-16 -6.50285e-15 -8.29645e-16 7.53569e-15 2.88371e-16 -3.55434e-15 -4.03865e-18 5.59448e-17 
6.57881e-16 5.20805e-16 -1.59257e-15 -6.02199e-16 1 -1.35642e-15 -3.49152e-15 2.90266e-15 1.36306e-15 -1.69254e-15 -1.29387e-17 -7.83336e-18 
1.83047e-16 4.91957e-16 -2.2815e-16 7.13134e-16 2.62201e-16 1 -6.73249e-16 5.48221e-15 2.88167e-16 -3.04392e-15 -2.3412e-18 5.18249e-17 
3.19639e-16 3.45357e-16 -1.2553e-15 -2.38328e-16 1.62762e-15 -1.44764e-15 1 2.62216e-15 1.32396e-15 -1.53903e-15 3.84632e-18 -7.22604e-18 
1.51026e-16 7.4604e-16 -2.12002e-16 6.60208e-16 1.95297e-16 -3.76027e-15 -4.69886e-16 1 1.93835e-16 -2.96655e-15 -9.14796e-20 7.52165e-18 
-0.417136 0.0742245 0.0566928 -0.202232 -0.113742 0.0777429 0.410433 0.0512203 -0.274112 -0.054571 0.928534 0.00731731 
-0.0227796 -0.511853 -0.0358263 0.0837589 0.01995 -0.0557546 0.00177839 0.349162 0.0477105 -0.114717 0.00186987 0.947745 

12	1.11608 -1.17266 -1.77636e-15 -2.22045e-15 2.22045e-16 -1.55431e-15 -6.66134e-16 -1.38778e-15 2.22045e-16 -9.15934e-16 -1.11608 1.17266 
12 12	9.8444 0.161578 4.54747e-13 3.55271e-14 6.82121e-13 3.55271e-14 5.68434e-13 2.84217e-14 4.54747e-13 1.77636e-14 -8.8444 -0.161578 
0.161578 4.96743 5.68434e-14 -1.13687e-13 8.52651e-14 -8.52651e-14 7.81597e-14 -7.10543e-14 5.68434e-14 -8.52651e-14 -0.161578 -3.96743 
4.54747e-13 5.68434e-14 1 1.13687e-13 1.81899e-12 1.42109e-13 1.59162e-12 1.13687e-13 1.25056e-12 7.10543e-14 2.72848e-12 -1.13687e-13 
3.55271e-14 -1.13687e-13 1.13687e-13 1 1.7053e-13 -2.27374e-13 1.56319e-13 -1.7053e-13 1.13687e-13 -1.98952e-13 8.52651e-14 -5.68434e-13 
6.82121e-13 8.52651e-14 1.81899e-12 1.7053e-13 1 1.98952e-13 2.04636e-12 1.7053e-13 1.47793e-12 1.13687e-13 2.72848e-12 -1.13687e-13 
3.55271e-14 -8.52651e-14 1.42109e-13 -2.27374e-13 1.98952e-13 1 1.98952e-13 -1.13687e-13 1.42109e-13 -1.7053e-13 1.49214e-13 -4.54747e-13 
5.68434e-13 7.81597e-14 1.59162e-12 1.56319e-13 2.04636e-12 1.98952e-13 1 1.56319e-13 1.36424e-12 9.9476e-14 2.50111e-12 -8.52651e-14 
2.84217e-14 -7.10543e-14 1.13687e-13 -1.7053e-13 1.7053e-13 -1.13687e-13 1.56319e-13 1 1.27898e-13 -1.42109e-13 1.13687e-13 -4.54747e-13 
4.54747e-13 5.68434e-14 1.25056e-12 1.13687e-13 1.47793e-12 1.42109e-13 1.36424e-12 1.27898e-13 1 8.52651e-14 2.04636e-12 -8.70415e-14 
1.77636e-14 -8.52651e-14 7.10543e-14 -1.98952e-13 1.13687e-13 -1.7053e-13 9.9476e-14 -1.42109e-13 8.52651e-14 1 7.10543e-14 -3.97904e-13 
-8.8444 -0.161578 2.72848e-12 8.52651e-14 2.72848e-12 1.49214e-13 2.50111e-12 1.13687e-13 2.04636e-12 7.10543e-14 504.551 53.4092 
-0.161578 -3.96743 -1.13687e-13 -5.68434e-13 -1.13687e-13 -4.54747e-13 -8.52651e-14 -4.54747e-13 -8.70415e-14 -3.97904e-13 53.4092 10.6987 


12 12	0.757022 -0.0349993 0.0117736 0.0350665 -0.014859 -0.014681 -0.0493545 0.00445541 0.0298594 -0.00231339 0.00342742 -8.88841e-05 
-0.0387113 0.72714 0.0258714 -0.000935691 0.00432529 -0.0166316 -0.00827215 -0.0269682 0.00212987 0.0160624 0.000126027 0.00379143 
1 -5.5386e-16 -1.22557e-15 3.86753e-16 7.61575e-16 -1.17216e-16 2.07133e-17 -4.84679e-17 -1.12674e-16 2.4656e-17 -1.76663e-18 1.1112e-18 
1.67526e-17 1 -2.22292e-16 1.78316e-15 8.41513e-17 -1.18445e-15 -1.73026e-17 1.37541e-16 5.85146e-18 1.08524e-16 -2.64592e-19 -2.44793e-19 
-2.24653e-15 -2.68472e-16 1 -6.50682e-17 4.60389e-16 2.57952e-17 -2.0695e-16 -1.12651e-16 -7.13385e-17 5.73748e-17 3.5888e-18 -7.52801e-19 
-1.68595e-16 9.13793e-16 1.34509e-17 1 -4.9798e-17 3.68745e-16 2.78388e-17 -5.92271e-16 -9.31673e-18 3.05569e-16 -2.62051e-20 -4.34867e-18 
-1.94124e-15 -4.3672e-16 4.67847e-16 6.55561e-18 1 2.03743e-17 -2.39206e-16 -1.61176e-16 -2.33753e-16 9.16933e-17 2.50411e-18 -1.86135e-19 
-1.74353e-17 -5.46045e-16 -1.96298e-16 1.1104e-15 3.29221e-17 1 5.02396e-18 -8.84813e-16 -2.76239e-18 4.83039e-16 -2.57286e-19 -1.04354e-18 
-2.12657e-15 -5.14988e-16 5.72841e-16 7.34979e-17 1.66722e-15 -8.07677e-17 1 -1.19886e-16 -1.93575e-16 9.9101e-17 2.86414e-18 -6.63862e-20 
-2.86399e-17 -1.80845e-16 -1.41419e-16 8.39274e-16 -1.02077e-16 7.40578e-16 8.50718e-17 1 -1.86935e-17 1.62244e-15 -3.94082e-19 -4.13691e-18 
-0.757022 0.0349993 -0.0117736 -0.0350665 0.014859 0.014681 0.0493545 -0.00445541 -0.0298594 0.00231339 0.996573 8.88841e-05 
0.0387113 -0.72714 -0.0258714 0.000935691 -0.00432529 0.0166316 0.00827215 0.0269682 -0.00212987 -0.0160624 -0.000126027 0.996209 

12	0.0109405 0.0599095 2.77556e-16 5.55112e-17 2.77556e-16 0 2.77556e-16 1.66533e-16 3.88578e-16 2.22045e-16 -0.0109405 -0.0599095 
12 12	1.91088 0.124391 5.32907e-15 1.55431e-15 5.32907e-15 2.10942e-15 5.32907e-15 2.33147e-15 7.10543e-15 2.66454e-15 -0.910875 -0.124391 
0.124391 1.53622 1.44329e-15 8.88178e-16 1.88738e-15 -2.85038e-32 2.33147e-15 8.88178e-16 2.55351e-15 -2.29547e-32 -0.124391 -0.536217 
5.32907e-15 1.44329e-15 1 2.22045e-15 7.10543e-15 2.66454e-15 7.10543e-15 3.33067e-15 1.06581e-14 3.55271e-15 4.26326e-14 1.33227e-14 
1.55431e-15 8.88178e-16 2.22045e-15 1 3.10862e-15 1.11529e-46 3.55271e-15 1.77636e-15 3.9968e-15 1.77636e-15 1.33227e-14 2.59278e-32 
5.32907e-15 1.88738e-15 7.10543e-15 3.10862e-15 1 3.9968e-15 7.06123e-45 4.88498e-15 7.10543e-15 5.55112e-15 5.68434e-14 2.04281e-14 
2.10942e-15 -2.85038e-32 2.66454e-15 1.11529e-46 3.9968e-15 1 4.66294e-15 3.55271e-15 5.32907e-15 3.55271e-15 1.77636e-14 3.13204e-32 
5.32907e-15 2.33147e-15 7.10543e-15 3.55271e-15 7.06123e-45 4.66294e-15 1 5.77316e-15 -4.94604e-43 6.66134e-15 5.68434e-14 2.30926e-14 
2.33147e-15 8.88178e-16 3.33067e-15 1.77636e-15 4.88498e-15 3.55271e-15 5.77316e-15 1 6.66134e-15 1.06581e-14 1.86517e-14 1.42109e-14 
7.10543e-15 2.55351e-15 1.06581e-14 3.9968e-15 7.10543e-15 5.32907e-15 -4.94604e-43 6.66134e-15 1 7.54952e-15 8.52651e-14 2.39808e-14 
2.66454e-15 -2.29547e-32 3.55271e-15 1.77636e-15 5.55112e-15 3.55271e-15 6.66134e-15 1.06581e-14 7.54952e-15 1 2.04281e-14 2.13163e-14 
-0.910875 -0.124391 4.26326e-14 1.33227e-14 5.68434e-14 1.77636e-14 5.68434e-14 1.86517e-14 8.52651e-14 2.04281e-14 118.362 -1.87032 
-0.124391 -0.536217 1.33227e-14 2.59278e-32 2.04281e-14 3.13204e-32 2.30926e-14 1.42109e-14 2.39808e-14 2.13163e-14 -1.87032 1.57039 


12 12	1.24449 0.0561986 -0.200586 -0.176224 0.0757084 0.0527791 -0.358858 0.116008 0.163311 -0.100145 0.0383306 0.00277344 
-0.0328405 1.24414 -0.00788117 -0.224832 0.0424543 0.0879425 -0.0338355 -0.157368 0.0274065 0.0647127 0.00344952 0.0357634 
1 -4.13623e-17 -9.32804e-16 2.60764e-16 7.92368e-16 -6.92541e-16 -2.30031e-15 1.70744e-15 8.90447e-16 -4.43264e-16 8.03904e-17 -3.40507e-18 
2.74534e-16 1 -5.57561e-16 2.43078e-15 4.33337e-16 -1.8686e-15 -4.06154e-16 4.85926e-17 3.17482e-16 -5.08525e-16 6.15454e-18 4.09151e-17 
3.29409e-16 -3.69361e-16 1 6.20787e-16 1.61421e-15 -8.79041e-16 -2.43345e-15 1.44865e-15 8.5063e-16 -1.22247e-16 3.70638e-17 4.25549e-18 
1.22325e-16 5.22585e-17 -2.86755e-16 1 2.49358e-16 -8.34273e-16 -2.96004e-16 5.2743e-17 3.36329e-16 -6.35566e-16 4.33681e-18 1.34848e-18 
-3.65014e-16 -8.39986e-17 -4.78745e-16 1.33689e-16 1 -3.93676e-16 -1.68091e-15 6.20222e-16 5.57088e-16 3.81484e-16 3.53242e-17 1.01051e-18 
7.52809e-17 2.4774e-17 -2.07805e-16 -1.11592e-16 2.46952e-16 1 -3.40697e-16 3.46491e-16 4.14945e-16 -8.77235e-16 3.29242e-18 -1.01305e-18 
-4.297e-17 -1.35458e-16 -5.38086e-16 1.41122e-16 4.16204e-16 -2.64764e-16 1 4.65257e-16 3.59471e-16 1.22793e-16 1.52375e-17 1.81689e-18 
7.52453e-17 4.81386e-17 -2.01228e-16 -1.56166e-16 2.29761e-16 -4.75416e-16 -2.41775e-16 1 3.33678e-16 -7.65111e-16 2.04834e-18 -1.6551e-18 
-1.24449 -0.0561986 0.200586 0.176224 -0.0757084 -0.0527791 0.358858 -0.116008 -0.163311 0.100145 0.961669 -0.00277344 
0.0328405 -1.24414 0.00788117 0.224832 -0.0424543 -0.0879425 0.0338355 0.157368 -0.0274065 -0.0647127 -0.00344952 0.964237 

12	0.185154 -0.278932 -2.13024e-15 1.11022e-16 -1.66533e-15 5.55112e-17 -1.22125e-15 9.02056e-17 -7.77156e-16 1.38778e-16 -0.185154 0.278932 
12 12	5.79348 1.02723 5.68434e-13 1.77636e-14 4.54747e-13 7.10543e-15 3.12639e-13 3.55271e-15 2.13163e-13 0 -4.79348 -1.02723 
1.02723 3.80291 1.42109e-14 1.13687e-13 3.55271e-14 1.13687e-13 2.4869e-14 8.52651e-14 2.84217e-14 7.10543e-14 -1.02723 -2.80291 
5.68434e-13 1.42109e-14 1 2.4869e-14 3.97904e-13 1.77636e-14 2.84217e-13 1.06581e-14 1.84741e-13 7.10543e-15 4.54747e-13 -7.10543e-14 
1.77636e-14 1.13687e-13 2.4869e-14 1 3.55271e-14 9.9476e-14 2.4869e-14 7.81597e-14 2.84217e-14 6.39488e-14 -8.52651e-14 3.41061e-13 
4.54747e-13 3.55271e-14 3.97904e-13 3.55271e-14 1 2.84217e-14 2.55795e-13 1.77636e-14 1.84741e-13 1.42109e-14 6.82121e-13 -2.13163e-14 
7.10543e-15 1.13687e-13 1.77636e-14 9.9476e-14 2.84217e-14 1 2.13163e-14 7.81597e-14 2.13163e-14 6.39488e-14 -6.39488e-14 2.27374e-13 
3.12639e-13 2.4869e-14 2.84217e-13 2.4869e-14 2.55795e-13 2.13163e-14 1 1.42109e-14 1.56319e-13 7.10543e-15 5.68434e-13 7.71605e-30 
3.55271e-15 8.52651e-14 1.06581e-14 7.81597e-14 1.77636e-14 7.81597e-14 1.42109e-14 1 1.42109e-14 5.68434e-14 -4.26326e-14 2.27374e-13 
2.13163e-13 2.84217e-14 1.84741e-13 2.84217e-14 1.84741e-13 2.13163e-14 1.56319e-13 1.42109e-14 1 1.06581e-14 3.97904e-13 2.84217e-14 
0 7.10543e-14 7.10543e-15 6.39488e-14 1.42109e-14 6.39488e-14 7.10543e-15 5.68434e-14 1.06581e-14 1 -3.55271e-14 1.7053e-13 
-4.79348 -1.02723 4.54747e-13 -8.52651e-14 6.82121e-13 -6.39488e-14 5.68434e-13 -4.26326e-14 3.97904e-13 -3.55271e-14 658.855 -5.8379 
-1.02723 -2.80291 -7.10543e-14 3.41061e-13 -2.13163e-14 2.27374e-13 7.71605e-30 2.27374e-13 2.84217e-14 1.7053e-13 -5.8379 3.87507 


12 12	3.52324 0.0303283 -0.654254 2.90072 -2.84841 -3.66729 1.71507 0.760372 8.11421 -1.57294 0.00170813 -0.00435489 
-0.154106 2.92362 0.30928 -5.05799 0.330739 3.46271 -0.237386 0.283524 -0.229349 3.06308 -0.000745793 0.0213359 
1 -2.42563e-16 9.39277e-15 2.6644e-15 -1.97447e-16 -4.50692e-15 -1.59704e-15 2.2631e-15 -7.12811e-15 -2.50692e-15 5.55564e-17 7.0651e-18 
1.3719e-15 1 2.6122e-15 2.2832e-14 -9.09797e-15 -2.37046e-14 2.93585e-15 5.78715e-15 1.64604e-15 -1.46413e-14 2.95382e-18 2.02678e-17 
2.7779e-16 8.15862e-16 1 -2.52782e-16 6.12421e-16 -1.11033e-15 -6.57685e-16 1.57935e-16 -2.30296e-16 -2.08561e-15 3.66447e-18 -5.57041e-18 
3.99962e-16 1.61221e-15 9.49246e-16 1 -1.40269e-15 -9.46834e-16 -3.66201e-16 -7.90383e-17 8.04424e-16 -4.30685e-15 2.40515e-18 -1.0405e-17 
1.96997e-16 6.95597e-16 1.79917e-15 -4.06474e-16 1 -5.4345e-16 -4.49066e-16 3.54534e-17 -7.17098e-17 -1.6341e-15 1.07005e-18 -5.95983e-18 
6.88739e-17 1.2445e-15 1.0188e-15 -7.43329e-16 -8.7136e-16 1 -3.44573e-16 -1.29562e-17 2.13859e-16 -2.984e-15 4.93545e-18 -1.06608e-17 
-8.09154e-17 1.16979e-16 6.6371e-16 -2.94422e-16 9.6306e-17 2.49366e-18 1 3.54636e-17 -4.73083e-16 -6.09001e-17 2.73942e-19 -1.91959e-19 
2.86229e-17 3.69496e-16 1.83047e-16 1.56125e-17 -3.34449e-16 -9.14525e-17 -7.95635e-17 1 5.9089e-17 -8.74966e-16 1.04519e-18 -1.24344e-18 
-3.52324 -0.0303283 0.654254 -2.90072 2.84841 3.66729 -1.71507 -0.760372 -8.11421 1.57294 0.998292 0.00435489 
0.154106 -2.92362 -0.30928 5.05799 -0.330739 -3.46271 0.237386 -0.283524 0.229349 -3.06308 0.000745793 0.978664 

12	0.647745 -0.487952 1.52656e-15 -1.60982e-15 7.77156e-16 -3.33067e-16 2.77556e-16 -5.55112e-17 0 -6.93889e-17 -0.647745 0.487952 
12 12	3.10083 -0.368214 -5.11591e-13 -7.99361e-14 -3.2685e-13 -8.08242e-14 -1.77636e-13 -6.12843e-14 -3.90799e-14 -4.88498e-15 -2.10083 0.368214 
-0.368214 3.53091 -3.81917e-14 -9.9476e-14 -3.10862e-14 -5.68434e-14 -2.04281e-14 -4.26326e-14 -3.10862e-15 -1.95399e-14 0.368214 -2.53091 
-5.11591e-13 -3.81917e-14 1 -2.75335e-14 -1.27898e-13 -3.01981e-14 -6.75016e-14 -2.39808e-14 -1.5099e-14 -2.498e-15 -2.04636e-12 1.06581e-14 
-7.99361e-14 -9.9476e-14 -2.75335e-14 1 -1.86517e-14 -2.4869e-14 -1.15463e-14 -1.77636e-14 -1.77636e-15 -8.88178e-15 -3.48166e-13 -5.11591e-13 
-3.2685e-13 -3.10862e-14 -1.27898e-13 -1.86517e-14 1 -1.86517e-14 -4.08562e-14 -1.5099e-14 -1.02141e-14 -2.16493e-15 -1.3074e-12 -3.73035e-14 
-8.08242e-14 -5.68434e-14 -3.01981e-14 -2.4869e-14 -1.86517e-14 1 -9.76996e-15 -8.88178e-15 -1.94289e-15 -4.44089e-15 -3.62377e-13 -2.55795e-13 
-1.77636e-13 -2.04281e-14 -6.75016e-14 -1.15463e-14 -4.08562e-14 -9.76996e-15 1 -7.99361e-15 -5.32907e-15 -1.38778e-15 -6.82121e-13 -3.73035e-14 
-6.12843e-14 -4.26326e-14 -2.39808e-14 -1.77636e-14 -1.5099e-14 -8.88178e-15 -7.99361e-15 1 -1.60982e-15 -3.10862e-15 -2.8777e-13 -1.84741e-13 
-3.90799e-14 -3.10862e-15 -1.5099e-14 -1.77636e-15 -1.02141e-14 -1.94289e-15 -5.32907e-15 -1.60982e-15 1 -5.55112e-17 -8.52651e-14 3.55271e-15 
-4.88498e-15 -1.95399e-14 -2.498e-15 -8.88178e-15 -2.16493e-15 -4.44089e-15 -1.38778e-15 -3.10862e-15 -5.55112e-17 1 -2.84217e-14 -9.9476e-14 
-2.10083 0.368214 -2.04636e-12 -3.48166e-13 -1.3074e-12 -3.62377e-13 -6.82121e-13 -2.8777e-13 -8.52651e-14 -2.84217e-14 1357.18 -25.9776 
0.368214 -2.53091 1.06581e-14 -5.11591e-13 -3.73035e-14 -2.55795e-13 -3.73035e-14 -1.84741e-13 3.55271e-15 -9.9476e-14 -25.9776 4.01526 


