10	0.0124477 0.016551 0.0164101 0.0124389 0.0537698 0.214509 0.0494742 0.599539 0.016562 0.00829856 

10 10	0.0113078 1.07739e-16 0.574254 1.63678e-14 5.49757e-38 1.25566e-12 7.41344e-31 2.70459e-30 2.24083e-86 3.477e-27 
0.115194 0.0933888 5.59684e-29 0.140235 5.08625e-31 0.0733259 3.39441e-12 0.000824151 1.36442e-83 0.398247 
3.23478e-38 0.0975984 0.0395197 0.109612 4.23891e-71 4.28732e-21 0.00556268 0.00627197 2.41707e-98 0.521738 
1.9443e-18 0.0668803 2.12925e-35 0.434048 0.250381 8.71681e-26 0.189736 0.0520943 2.00507e-99 7.52547e-08 
4.19204e-45 0.231434 2.44208e-12 0.0386988 1.43227e-60 0.0363918 3.67944e-31 1.7855e-28 0.608055 0.0366173 
3.01708e-13 4.4357e-12 6.12653e-12 2.10052e-19 4.69498e-12 4.05219e-21 0.267898 0.00273612 4.81416e-79 1.28678e-13 
0.0538684 0.396537 0.234245 0.114835 5.77101e-06 6.54918e-16 0.00933821 0.00119509 5.11347e-47 2.17675e-12 
0.448613 0.054939 0.151982 0.126569 0.749614 0.890282 0.517149 0.936878 7.59144e-31 1.21428e-22 
2.92132e-77 6.23205e-53 2.11955e-104 0.0102192 1.21447e-178 2.65893e-17 1.39541e-44 1.1395e-115 0.391945 0.043397 
0.371017 0.0592224 3.39946e-43 0.0257828 3.41628e-68 3.28889e-56 0.0103155 1.47787e-30 7.71128e-108 7.82092e-18 


10	135.666 129 297.951 101.618 297.951 297.951 297.951 101.618 101.618 101.618 
10 10	620.219 -136.336 112.258 10.8145 112.258 112.258 112.258 10.8145 10.8145 10.8145 
-136.336 340.67 -7.85769 -2.85738 -7.85769 -7.85769 -7.85769 -2.85738 -2.85738 -2.85738 
112.258 -7.85769 22.2289 1.93141 21.2289 21.2289 21.2289 1.93141 1.93141 1.93141 
10.8145 -2.85738 1.93141 1.18931 1.93141 1.93141 1.93141 0.18931 0.18931 0.18931 
112.258 -7.85769 21.2289 1.93141 22.2289 21.2289 21.2289 1.93141 1.93141 1.93141 
112.258 -7.85769 21.2289 1.93141 21.2289 22.2289 21.2289 1.93141 1.93141 1.93141 
112.258 -7.85769 21.2289 1.93141 21.2289 21.2289 22.2289 1.93141 1.93141 1.93141 
10.8145 -2.85738 1.93141 0.18931 1.93141 1.93141 1.93141 1.18931 0.18931 0.18931 
10.8145 -2.85738 1.93141 0.18931 1.93141 1.93141 1.93141 0.18931 1.18931 0.18931 
10.8145 -2.85738 1.93141 0.18931 1.93141 1.93141 1.93141 0.18931 0.18931 1.18931 


10	151.24 361.53 161.224 218.168 161.224 161.224 161.224 218.168 218.168 218.168 
10 10	339.198 -283.965 625.99 1222.43 625.99 625.99 625.99 1222.43 1222.43 1222.43 
-283.965 427.63 -398.529 -1319.72 -398.529 -398.529 -398.529 -1319.72 -1319.72 -1319.72 
625.99 -398.529 1711.77 1991.97 1711.77 1711.77 1711.77 1991.97 1991.97 1991.97 
1222.43 -1319.72 1991.97 4878.74 1991.97 1991.97 1991.97 4877.74 4877.74 4877.74 
625.99 -398.529 1711.77 1991.97 1712.77 1711.77 1711.77 1991.97 1991.97 1991.97 
625.99 -398.529 1711.77 1991.97 1711.77 1712.77 1711.77 1991.97 1991.97 1991.97 
625.99 -398.529 1711.77 1991.97 1711.77 1711.77 1712.77 1991.97 1991.97 1991.97 
1222.43 -1319.72 1991.97 4877.74 1991.97 1991.97 1991.97 4878.74 4877.74 4877.74 
1222.43 -1319.72 1991.97 4877.74 1991.97 1991.97 1991.97 4877.74 4878.74 4877.74 
1222.43 -1319.72 1991.97 4877.74 1991.97 1991.97 1991.97 4877.74 4877.74 4878.74 


10	185.419 278.085 542.263 238.443 542.263 542.263 542.263 238.443 238.443 238.443 
10 10	2306.51 -2890.8 2973.3 -5455.21 2973.3 2973.3 2973.3 -5455.21 -5455.21 -5455.21 
-2890.8 4250.76 -4171.81 6009.61 -4171.81 -4171.81 -4171.81 6009.61 6009.61 6009.61 
2973.3 -4171.81 4291.35 -6552.03 4291.35 4291.35 4291.35 -6552.03 -6552.03 -6552.03 
-5455.21 6009.61 -6552.03 14074.5 -6552.03 -6552.03 -6552.03 14073.5 14073.5 14073.5 
2973.3 -4171.81 4291.35 -6552.03 4292.35 4291.35 4291.35 -6552.03 -6552.03 -6552.03 
2973.3 -4171.81 4291.35 -6552.03 4291.35 4292.35 4291.35 -6552.03 -6552.03 -6552.03 
2973.3 -4171.81 4291.35 -6552.03 4291.35 4291.35 4292.35 -6552.03 -6552.03 -6552.03 
-5455.21 6009.61 -6552.03 14073.5 -6552.03 -6552.03 -6552.03 14074.5 14073.5 14073.5 
-5455.21 6009.61 -6552.03 14073.5 -6552.03 -6552.03 -6552.03 14073.5 14074.5 14073.5 
-5455.21 6009.61 -6552.03 14073.5 -6552.03 -6552.03 -6552.03 14073.5 14073.5 14074.5 


10	557.676 309.7 192.004 151.301 192.004 192.004 192.004 151.301 151.301 151.301 
10 10	486.055 133.754 24.3788 -325.976 24.3788 24.3788 24.3788 -325.976 -325.976 -325.976 
133.754 3527.18 6200.75 2685.14 6200.75 6200.75 6200.75 2685.14 2685.14 2685.14 
24.3788 6200.75 10994.2 4907.92 10993.2 10993.2 10993.2 4907.92 4907.92 4907.92 
-325.976 2685.14 4907.92 2425.62 4907.92 4907.92 4907.92 2424.62 2424.62 2424.62 
24.3788 6200.75 10993.2 4907.92 10994.2 10993.2 10993.2 4907.92 4907.92 4907.92 
24.3788 6200.75 10993.2 4907.92 10993.2 10994.2 10993.2 4907.92 4907.92 4907.92 
24.3788 6200.75 10993.2 4907.92 10993.2 10993.2 10994.2 4907.92 4907.92 4907.92 
-325.976 2685.14 4907.92 2424.62 4907.92 4907.92 4907.92 2425.62 2424.62 2424.62 
-325.976 2685.14 4907.92 2424.62 4907.92 4907.92 4907.92 2424.62 2425.62 2424.62 
-325.976 2685.14 4907.92 2424.62 4907.92 4907.92 4907.92 2424.62 2424.62 2425.62 


10	479.148 265.898 446.194 321.107 446.194 446.194 446.194 321.107 321.107 321.107 
10 10	4912.26 -2935.52 1201.94 2080.42 1201.94 1201.94 1201.94 2080.42 2080.42 2080.42 
-2935.52 5040.35 -5657.35 -2702.09 -5657.35 -5657.35 -5657.35 -2702.09 -2702.09 -2702.09 
1201.94 -5657.35 7947 3068.48 7947 7947 7947 3068.48 3068.48 3068.48 
2080.42 -2702.09 3068.48 2410.55 3068.48 3068.48 3068.48 2410.55 2410.55 2410.55 
1201.94 -5657.35 7947 3068.48 7948 7947 7947 3068.48 3068.48 3068.48 
1201.94 -5657.35 7947 3068.48 7947 7948 7947 3068.48 3068.48 3068.48 
1201.94 -5657.35 7947 3068.48 7947 7947 7948 3068.48 3068.48 3068.48 
2080.42 -2702.09 3068.48 2410.55 3068.48 3068.48 3068.48 2411.55 2410.55 2410.55 
2080.42 -2702.09 3068.48 2410.55 3068.48 3068.48 3068.48 2410.55 2411.55 2410.55 
2080.42 -2702.09 3068.48 2410.55 3068.48 3068.48 3068.48 2410.55 2410.55 2411.55 


10	336.92 239.349 308.529 368.52 308.529 308.529 308.529 368.52 368.52 368.52 
10 10	20610 906.974 -2474.21 -1184.05 -2474.21 -2474.21 -2474.21 -1184.05 -1184.05 -1184.05 
906.974 8127.99 -445.422 -264.595 -445.422 -445.422 -445.422 -264.595 -264.595 -264.595 
-2474.21 -445.422 17022.2 1127.49 17022.2 17022.2 17022.2 1127.49 1127.49 1127.49 
-1184.05 -264.595 1127.49 387.101 1127.49 1127.49 1127.49 387.101 387.101 387.101 
-2474.21 -445.422 17022.2 1127.49 17023.2 17022.2 17022.2 1127.49 1127.49 1127.49 
-2474.21 -445.422 17022.2 1127.49 17022.2 17023.2 17022.2 1127.49 1127.49 1127.49 
-2474.21 -445.422 17022.2 1127.49 17022.2 17022.2 17023.2 1127.49 1127.49 1127.49 
-1184.05 -264.595 1127.49 387.101 1127.49 1127.49 1127.49 388.101 387.101 387.101 
-1184.05 -264.595 1127.49 387.101 1127.49 1127.49 1127.49 387.101 388.101 387.101 
-1184.05 -264.595 1127.49 387.101 1127.49 1127.49 1127.49 387.101 387.101 388.101 


10	255.73 303.451 128.65 165.888 128.65 128.65 128.65 165.888 165.888 165.888 
10 10	14064.7 -3850.93 1833.09 -4086.91 1833.09 1833.09 1833.09 -4086.91 -4086.91 -4086.91 
-3850.93 3429.17 -524.545 1059.15 -524.545 -524.545 -524.545 1059.15 1059.15 1059.15 
1833.09 -524.545 295.452 -352.189 295.452 295.452 295.452 -352.189 -352.189 -352.189 
-4086.91 1059.15 -352.189 2106.39 -352.189 -352.189 -352.189 2106.39 2106.39 2106.39 
1833.09 -524.545 295.452 -352.189 296.452 295.452 295.452 -352.189 -352.189 -352.189 
1833.09 -524.545 295.452 -352.189 295.452 296.452 295.452 -352.189 -352.189 -352.189 
1833.09 -524.545 295.452 -352.189 295.452 295.452 296.452 -352.189 -352.189 -352.189 
-4086.91 1059.15 -352.189 2106.39 -352.189 -352.189 -352.189 2107.39 2106.39 2106.39 
-4086.91 1059.15 -352.189 2106.39 -352.189 -352.189 -352.189 2106.39 2107.39 2106.39 
-4086.91 1059.15 -352.189 2106.39 -352.189 -352.189 -352.189 2106.39 2106.39 2107.39 


10	354.409 253.02 359.918 199.228 359.918 359.918 359.918 199.228 199.228 199.228 
10 10	18811.4 -90.9745 -54.711 -1324.73 -54.711 -54.711 -54.711 -1324.73 -1324.73 -1324.73 
-90.9745 8022.83 -1567.96 471.243 -1567.96 -1567.96 -1567.96 471.243 471.243 471.243 
-54.711 -1567.96 22137.6 516.128 22137.6 22137.6 22137.6 516.128 516.128 516.128 
-1324.73 471.243 516.128 3499.73 516.128 516.128 516.128 3499.73 3499.73 3499.73 
-54.711 -1567.96 22137.6 516.128 22138.6 22137.6 22137.6 516.128 516.128 516.128 
-54.711 -1567.96 22137.6 516.128 22137.6 22138.6 22137.6 516.128 516.128 516.128 
-54.711 -1567.96 22137.6 516.128 22137.6 22137.6 22138.6 516.128 516.128 516.128 
-1324.73 471.243 516.128 3499.73 516.128 516.128 516.128 3500.73 3499.73 3499.73 
-1324.73 471.243 516.128 3499.73 516.128 516.128 516.128 3499.73 3500.73 3499.73 
-1324.73 471.243 516.128 3499.73 516.128 516.128 516.128 3499.73 3499.73 3500.73 


10	307.822 134.507 327.296 250.616 327.296 327.296 327.296 250.616 250.616 250.616 
10 10	5376.95 14.6832 2324.32 -1285.2 2324.32 2324.32 2324.32 -1285.2 -1285.2 -1285.2 
14.6832 166.578 -202.529 275.589 -202.529 -202.529 -202.529 275.589 275.589 275.589 
2324.32 -202.529 1328.26 -1054.32 1328.26 1328.26 1328.26 -1054.32 -1054.32 -1054.32 
-1285.2 275.589 -1054.32 1135.26 -1054.32 -1054.32 -1054.32 1134.26 1134.26 1134.26 
2324.32 -202.529 1328.26 -1054.32 1329.26 1328.26 1328.26 -1054.32 -1054.32 -1054.32 
2324.32 -202.529 1328.26 -1054.32 1328.26 1329.26 1328.26 -1054.32 -1054.32 -1054.32 
2324.32 -202.529 1328.26 -1054.32 1328.26 1328.26 1329.26 -1054.32 -1054.32 -1054.32 
-1285.2 275.589 -1054.32 1134.26 -1054.32 -1054.32 -1054.32 1135.26 1134.26 1134.26 
-1285.2 275.589 -1054.32 1134.26 -1054.32 -1054.32 -1054.32 1134.26 1135.26 1134.26 
-1285.2 275.589 -1054.32 1134.26 -1054.32 -1054.32 -1054.32 1134.26 1134.26 1135.26 


10	206.501 382.5 242.532 243.034 242.532 242.532 242.532 243.034 243.034 243.034 
10 10	870.25 -398.25 -991.937 1353.31 -991.937 -991.937 -991.937 1353.31 1353.31 1353.31 
-398.25 183.25 453.937 -619.312 453.937 453.937 453.937 -619.312 -619.312 -619.312 
-991.937 453.937 1131.64 -1542.55 1130.64 1130.64 1130.64 -1542.55 -1542.55 -1542.55 
1353.31 -619.312 -1542.55 2105.52 -1542.55 -1542.55 -1542.55 2104.52 2104.52 2104.52 
-991.937 453.937 1130.64 -1542.55 1131.64 1130.64 1130.64 -1542.55 -1542.55 -1542.55 
-991.937 453.937 1130.64 -1542.55 1130.64 1131.64 1130.64 -1542.55 -1542.55 -1542.55 
-991.937 453.937 1130.64 -1542.55 1130.64 1130.64 1131.64 -1542.55 -1542.55 -1542.55 
1353.31 -619.312 -1542.55 2104.52 -1542.55 -1542.55 -1542.55 2105.52 2104.52 2104.52 
1353.31 -619.312 -1542.55 2104.52 -1542.55 -1542.55 -1542.55 2104.52 2105.52 2104.52 
1353.31 -619.312 -1542.55 2104.52 -1542.55 -1542.55 -1542.55 2104.52 2104.52 2105.52 


10 10	1 -1.97065e-15 -3.95672e-14 1.86387e-14 2.21839e-13 -1.28934e-13 7.51571e-14 -2.14134e-14 3.06248e-14 -7.71085e-15 
3.00555e-15 1 -1.47726e-14 5.28223e-15 -4.67074e-15 -1.17549e-14 6.49003e-16 -8.0734e-15 2.16147e-15 -3.09128e-15 
0.07189 4.1071e-05 1.74065 0.00692462 -0.965205 -0.0816211 0.231415 -0.0122616 -0.0385099 0.0405464 
-0.0067081 0.0661065 0.10763 1.81689 -0.251912 0.1558 -0.00693986 -1.29887 0.351304 0.0580336 
-2.80259e-14 7.38248e-15 1 -1.10076e-14 1.36211e-13 1.19464e-13 1.15234e-14 2.21147e-14 -1.03129e-14 4.94873e-15 
-3.34217e-14 8.48567e-15 1.3125e-13 -1.19275e-14 1 1.03706e-13 2.55324e-14 2.10691e-14 -8.25034e-15 4.18849e-15 
-3.63533e-14 8.91903e-15 1.49106e-13 -1.2379e-14 1.644e-13 1 2.46948e-14 2.13033e-14 -8.09249e-15 4.21538e-15 
-1.14302e-16 1.28864e-14 -4.43981e-15 1 2.1253e-14 -6.3699e-15 1.63671e-15 -5.91194e-15 -2.28151e-14 -6.1201e-15 
-6.55346e-16 1.90525e-14 -1.01048e-15 -7.86836e-14 1.75623e-14 2.2933e-15 -1.84922e-15 1 -5.69267e-14 5.96745e-16 
-5.56711e-16 1.90395e-14 -1.65384e-15 -7.69558e-14 2.02286e-14 3.95517e-16 -1.88217e-15 2.44665e-14 1 1.08247e-15 

10	-4.87148e-11 1.09424e-11 1.81666 2.22354 -1.24942e-10 -1.43245e-10 -1.49612e-10 1.31877e-11 1.53477e-11 1.62004e-11 
10 10	1 1.57343e-10 -1.57888e-09 -5.51381e-11 -1.90812e-09 -2.22281e-09 -2.3374e-09 -1.16756e-10 -1.53818e-10 -1.59503e-10 
1.57343e-10 1 3.5331e-10 1.27329e-11 4.16549e-10 4.75211e-10 4.9431e-10 2.81943e-11 3.89946e-11 4.20073e-11 
-1.57888e-09 3.5331e-10 21.9561 0.814972 -4.40559e-09 -5.07316e-09 -5.30417e-09 -1.37874e-10 -1.89488e-10 -1.91863e-10 
-5.51381e-11 1.27329e-11 0.814972 7.53169 -2.93596e-11 -3.01732e-11 -3.18039e-11 2.47383e-10 3.02862e-10 3.16959e-10 
-1.90812e-09 4.16549e-10 -4.40559e-09 -2.93596e-11 1 -6.01904e-09 -6.28643e-09 -1.50578e-10 -2.07933e-10 -2.09269e-10 
-2.22281e-09 4.75211e-10 -5.07316e-09 -3.01732e-11 -6.01904e-09 1 -7.21047e-09 -1.6729e-10 -2.30671e-10 -2.31125e-10 
-2.3374e-09 4.9431e-10 -5.30417e-09 -3.18039e-11 -6.28643e-09 -7.21047e-09 1 -1.74396e-10 -2.39822e-10 -2.39879e-10 
-1.16756e-10 2.81943e-11 -1.37874e-10 2.47383e-10 -1.50578e-10 -1.6729e-10 -1.74396e-10 1 3.94721e-10 4.12911e-10 
-1.53818e-10 3.89946e-11 -1.89488e-10 3.02862e-10 -2.07933e-10 -2.30671e-10 -2.39822e-10 3.94721e-10 1 5.00222e-10 
-1.59503e-10 4.20073e-11 -1.91863e-10 3.16959e-10 -2.09269e-10 -2.31125e-10 -2.39879e-10 4.12911e-10 5.00222e-10 1 


10 10	1 -7.93948e-16 2.78259e-15 1.80223e-14 4.16951e-14 1.27289e-14 -7.37488e-15 -1.48171e-14 1.8944e-14 -6.7806e-15 
-1.02857e-15 1 1.54692e-14 9.652e-15 -3.9329e-14 2.30796e-14 -3.16891e-15 3.1801e-14 4.54151e-15 -5.35856e-15 
0.097758 0.00402268 1.75758 -0.113874 -1.14455 0.279077 0.00481201 0.23042 -0.152747 0.0341214 
0.00232151 0.0927088 0.00577707 1.94325 -0.0258356 0.0276212 -0.0053677 -1.58059 0.590576 -0.0447439 
1.75555e-14 1.47896e-15 1 3.1624e-15 8.91435e-13 -5.87276e-13 1.43378e-13 -2.38698e-15 3.45106e-14 -2.53998e-14 
1.05728e-14 1.47836e-15 -1.02119e-13 1.78473e-14 1 -7.01453e-14 -3.94354e-14 -1.3177e-14 1.31284e-14 -9.7318e-15 
1.34006e-14 1.6005e-15 -1.53758e-13 1.80459e-14 4.62218e-13 1 -3.38216e-14 -1.42195e-14 1.39125e-14 -1.0201e-14 
7.03512e-17 -1.92422e-14 -2.96063e-15 1 6.245e-15 -2.19963e-15 -1.65406e-15 -3.53079e-13 4.02345e-13 -1.15533e-13 
-4.67034e-16 -1.34779e-14 -2.87097e-16 1.46536e-13 1.46844e-15 1.98279e-15 -3.04097e-15 1 1.33837e-13 -4.38399e-14 
-3.37499e-16 -1.60184e-14 -6.52039e-16 1.9857e-13 1.43635e-15 3.92915e-15 -4.68375e-15 -8.59868e-14 1 -5.38042e-14 

10	-2.10889e-11 -8.07177e-12 1.19363 -3.04465 -5.2637e-11 -5.56497e-11 -5.68434e-11 -5.50244e-11 -5.81224e-11 -5.89466e-11 
10 10	1 1.45803e-11 -6.49379e-10 -8.42419e-11 -7.44876e-10 -8.03539e-10 -8.34916e-10 -9.97034e-11 -1.08514e-10 -1.1147e-10 
1.45803e-11 1 4.22915e-11 -1.87811e-10 4.95675e-11 5.25233e-11 5.21823e-11 -2.15095e-10 -2.26919e-10 -2.29221e-10 
-6.49379e-10 4.22915e-11 69.2241 10.5863 -1.86265e-09 -1.99179e-09 -2.04273e-09 -1.15278e-10 -1.27329e-10 -1.29376e-10 
-8.42419e-11 -1.87811e-10 10.5863 10.4411 -9.45874e-11 -9.22569e-11 -9.14042e-11 -1.06411e-09 -1.12323e-09 -1.1396e-09 
-7.44876e-10 4.95675e-11 -1.86265e-09 -9.45874e-11 1 -2.25191e-09 -2.30648e-09 -1.12095e-10 -1.23066e-10 -1.24714e-10 
-8.03539e-10 5.25233e-11 -1.99179e-09 -9.22569e-11 -2.25191e-09 1 -2.452e-09 -1.09537e-10 -1.20224e-10 -1.21418e-10 
-8.34916e-10 5.21823e-11 -2.04273e-09 -9.14042e-11 -2.30648e-09 -2.452e-09 1 -1.08287e-10 -1.18519e-10 -1.19257e-10 
-9.97034e-11 -2.15095e-10 -1.15278e-10 -1.06411e-09 -1.12095e-10 -1.09537e-10 -1.08287e-10 1 -1.28784e-09 -1.30512e-09 
-1.08514e-10 -2.26919e-10 -1.27329e-10 -1.12323e-09 -1.23066e-10 -1.20224e-10 -1.18519e-10 -1.28784e-09 1 -1.38152e-09 
-1.1147e-10 -2.29221e-10 -1.29376e-10 -1.1396e-09 -1.24714e-10 -1.21418e-10 -1.19257e-10 -1.30512e-09 -1.38152e-09 1 


10 10	1 6.35942e-15 -2.88973e-13 2.64467e-14 5.39281e-13 -6.15605e-13 1.8219e-13 -1.33848e-13 1.1845e-13 -3.1624e-14 
2.15864e-15 1 6.33781e-14 4.79131e-15 -1.18864e-13 1.39224e-13 -4.50855e-14 2.46816e-14 -3.36814e-14 1.36627e-14 
0.13416 0.00102285 1.92681 -0.0548662 -1.21565 0.000591875 0.158127 0.162238 -0.159446 0.0595459 
0.00181901 0.162132 -0.0312698 1.78679 0.0785134 -0.047784 0.00618088 -1.05314 -0.0268477 0.142781 
-2.35876e-14 1.58728e-14 1 -1.37963e-14 1.96946e-13 -3.378e-13 4.65619e-14 -1.37206e-13 1.01169e-13 -1.5446e-14 
-2.73046e-14 1.69953e-14 -1.99067e-13 -2.36807e-14 1 -1.6465e-13 -1.64556e-14 -1.28911e-13 9.59094e-14 -1.35551e-14 
-2.54634e-14 1.71571e-14 -2.88118e-13 -7.88605e-15 2.06269e-13 1 3.20148e-14 -1.78468e-13 1.42011e-13 -2.7988e-14 
-4.6393e-16 -2.0885e-15 -5.67948e-15 1 -1.76179e-14 -6.28317e-15 -4.35242e-15 2.56767e-13 -2.78333e-13 8.48766e-14 
-1.06718e-15 -1.3623e-15 -6.71685e-15 -6.10068e-14 -1.45335e-14 -1.64244e-14 -7.99708e-16 1 -1.32006e-13 1.67366e-14 
-1.20401e-15 -7.31078e-16 -1.71746e-14 -1.9644e-14 1.73819e-14 -5.14311e-14 1.1555e-14 -1.78746e-14 1 -8.0852e-14 

10	6.69047e-11 -1.56319e-11 -3.16877 -6.4043 1.41142e-10 1.47338e-10 1.50749e-10 1.49782e-11 1.75078e-11 1.85878e-11 
10 10	1 -3.28669e-10 2.65754e-09 1.167e-10 2.97587e-09 3.10501e-09 3.1805e-09 2.16204e-10 2.55596e-10 2.68415e-10 
-3.28669e-10 1 -5.79917e-10 -4.59295e-11 -6.41876e-10 -6.64386e-10 -6.76664e-10 -7.13953e-11 -8.00071e-11 -8.21956e-11 
2.65754e-09 -5.79917e-10 79.8922 0.633385 5.39148e-09 5.60067e-09 5.728e-09 4.81691e-10 5.55929e-10 5.79121e-10 
1.167e-10 -4.59295e-11 0.633385 30.7335 3.34182e-10 3.56152e-10 3.70285e-10 4.54747e-11 5.82077e-11 6.82121e-11 
2.97587e-09 -6.41876e-10 5.39148e-09 3.34182e-10 1 6.22276e-09 6.35919e-09 5.52859e-10 6.3585e-10 6.60748e-10 
3.10501e-09 -6.64386e-10 5.60067e-09 3.56152e-10 6.22276e-09 1 6.61021e-09 5.85146e-10 6.71434e-10 6.96787e-10 
3.1805e-09 -6.76664e-10 5.728e-09 3.70285e-10 6.35919e-09 6.61021e-09 1 6.05212e-10 6.93262e-10 7.18728e-10 
2.16204e-10 -7.13953e-11 4.81691e-10 4.54747e-11 5.52859e-10 5.85146e-10 6.05212e-10 1 9.54969e-11 1.0823e-10 
2.55596e-10 -8.00071e-11 5.55929e-10 5.82077e-11 6.3585e-10 6.71434e-10 6.93262e-10 9.54969e-11 1 1.27329e-10 
2.68415e-10 -8.21956e-11 5.79121e-10 6.82121e-11 6.60748e-10 6.96787e-10 7.18728e-10 1.0823e-10 1.27329e-10 1 


10 10	1 -2.50952e-16 1.01182e-13 -5.19376e-15 -9.74195e-14 3.95422e-14 3.26219e-14 9.31893e-15 1.32186e-15 -1.01343e-14 
6.68165e-16 1 -2.76415e-14 -4.15397e-14 2.07863e-14 -1.55258e-14 -1.0842e-17 2.27839e-14 -4.21121e-14 8.09422e-15 
0.0359447 0.000354677 2.20267 -0.0119775 -1.49115 0.201262 0.0513264 0.0193541 -0.0106154 0.00458916 
0.00114514 0.0344901 -0.0347654 2.2361 0.0583681 -0.0191022 -0.00598766 -1.54092 0.262533 0.00936196 
-4.55036e-15 -5.02609e-16 1 3.1075e-14 4.39363e-13 -5.14503e-13 3.03033e-13 -1.51202e-13 1.52864e-13 -8.36969e-14 
-1.16323e-14 4.29995e-16 3.65707e-13 -5.5211e-14 1 2.85612e-13 1.91938e-14 7.86038e-14 -7.02702e-14 -5.85643e-15 
-1.07615e-14 2.95879e-16 3.29795e-13 -4.6311e-14 -3.16989e-13 1 3.79497e-14 5.78981e-14 -5.19931e-14 -1.164e-14 
-1.39884e-15 8.80914e-15 2.44214e-14 1 -1.13028e-13 1.38806e-13 -4.78506e-14 3.30624e-13 -4.588e-13 1.46327e-13 
-1.38753e-15 6.13637e-15 1.23981e-14 -1.43198e-13 -6.8591e-14 8.04634e-14 -2.11081e-14 1 -1.09579e-13 7.85483e-15 
-1.37382e-15 7.56361e-15 1.30434e-14 -1.94435e-13 -7.19494e-14 8.59174e-14 -2.34188e-14 8.18789e-14 1 2.02061e-14 

10	-2.37605e-11 1.9611e-11 -0.360032 -0.366274 -7.23048e-11 -7.52038e-11 -7.70228e-11 5.72697e-11 5.88898e-11 5.94014e-11 
10 10	1 1.21759e-10 -1.32422e-09 -1.06866e-11 -1.41881e-09 -1.47338e-09 -1.50339e-09 -2.197e-11 -2.74269e-11 -3.00702e-11 
1.21759e-10 1 4.33147e-10 3.13321e-10 4.60432e-10 4.74529e-10 4.81577e-10 3.34921e-10 3.45608e-10 3.50383e-10 
-1.32422e-09 4.33147e-10 15.4488 0.784001 -4.47108e-09 -4.65297e-09 -4.74029e-09 1.50521e-10 1.39266e-10 1.33923e-10 
-1.06866e-11 3.13321e-10 0.784001 7.10445 1.73259e-10 1.68313e-10 1.63254e-10 1.42791e-09 1.4652e-09 1.48339e-09 
-1.41881e-09 4.60432e-10 -4.47108e-09 1.73259e-10 1 -4.98039e-09 -5.07862e-09 1.47566e-10 1.35287e-10 1.29035e-10 
-1.47338e-09 4.74529e-10 -4.65297e-09 1.68313e-10 -4.98039e-09 1 -5.26779e-09 1.40744e-10 1.27784e-10 1.21304e-10 
-1.50339e-09 4.81577e-10 -4.74029e-09 1.63254e-10 -5.07862e-09 -5.26779e-09 1 1.34264e-10 1.20735e-10 1.14028e-10 
-2.197e-11 3.34921e-10 1.50521e-10 1.42791e-09 1.47566e-10 1.40744e-10 1.34264e-10 1 1.55524e-09 1.57434e-09 
-2.74269e-11 3.45608e-10 1.39266e-10 1.4652e-09 1.35287e-10 1.27784e-10 1.20735e-10 1.55524e-09 1 1.61708e-09 
-3.00702e-11 3.50383e-10 1.33923e-10 1.48339e-09 1.29035e-10 1.21304e-10 1.14028e-10 1.57434e-09 1.61708e-09 1 


10 10	1 1.6379e-15 4.60916e-14 -4.21711e-14 -7.24455e-14 2.11432e-14 6.27981e-15 9.33836e-14 -5.71487e-14 1.59872e-14 
1.42267e-15 1 -1.4295e-14 2.1037e-14 2.83701e-14 -1.57032e-14 2.81925e-15 2.42861e-14 -8.7666e-14 4.81282e-14 
0.0701298 -0.00549473 1.36816 0.0601456 -0.516609 -0.0132791 0.0871986 -0.0761603 -0.0103825 0.0292431 
0.00112153 0.0276933 -0.00189027 1.5207 0.0565647 -0.101329 0.0476088 -0.954495 0.533681 -0.13046 
-8.69813e-15 4.41534e-16 1 2.12615e-14 -1.13589e-13 6.75066e-14 -4.7096e-15 -5.25765e-14 6.89193e-14 -2.14102e-14 
-7.56813e-15 1.09973e-15 4.68007e-14 1.05389e-14 1 3.16226e-14 1.09529e-14 -2.10838e-14 3.47604e-14 -7.77677e-15 
-8.10128e-15 1.04276e-15 5.08185e-14 1.21595e-14 -7.78694e-14 1 1.33567e-14 -2.0383e-14 2.94209e-14 -4.83988e-15 
7.19016e-16 8.33318e-16 -1.2837e-15 1 2.12504e-15 8.34749e-15 -3.00823e-15 1.18516e-14 -1.395e-13 9.09273e-14 
6.43542e-16 -8.00358e-16 -2.81199e-15 8.80129e-14 4.2015e-15 1.01733e-14 -5.03417e-15 1 -3.19189e-14 5.37348e-14 
6.94797e-16 -5.35813e-16 -1.89085e-15 7.39478e-14 2.98719e-15 9.75348e-15 -3.96514e-15 -6.63358e-14 1 6.44484e-14 

10	-1.13687e-12 -2.84217e-12 2.43152 0.139845 -6.0254e-12 -7.16227e-12 -8.07177e-12 -5.31486e-12 -5.14433e-12 -5.34328e-12 
10 10	1 -3.34239e-11 8.36735e-11 -5.63887e-11 7.82165e-11 7.09406e-11 5.63887e-11 -5.8435e-11 -6.2073e-11 -6.34373e-11 
-3.34239e-11 1 -3.25144e-11 -3.54703e-11 -3.25144e-11 -3.13776e-11 -2.63753e-11 -3.36513e-11 -2.81943e-11 -2.31921e-11 
8.36735e-11 -3.25144e-11 26.6021 1.1794 -3.45608e-11 -5.82077e-11 -8.73115e-11 -8.02061e-11 -8.58336e-11 -8.99263e-11 
-5.63887e-11 -3.54703e-11 1.1794 10.5259 -8.01492e-11 -8.39577e-11 -8.2963e-11 -4.45652e-11 -4.27463e-11 -4.09273e-11 
7.82165e-11 -3.25144e-11 -3.45608e-11 -8.01492e-11 1 -7.82165e-11 -1.10958e-10 -8.40998e-11 -9.02673e-11 -9.47509e-11 
7.09406e-11 -3.13776e-11 -5.82077e-11 -8.39577e-11 -7.82165e-11 1 -1.49157e-10 -8.80647e-11 -9.48859e-11 -1.00016e-10 
5.63887e-11 -2.63753e-11 -8.73115e-11 -8.2963e-11 -1.10958e-10 -1.49157e-10 1 -8.73683e-11 -9.47864e-11 -1.00613e-10 
-5.8435e-11 -3.36513e-11 -8.02061e-11 -4.45652e-11 -8.40998e-11 -8.80647e-11 -8.73683e-11 1 -4.18368e-11 -4.09273e-11 
-6.2073e-11 -2.81943e-11 -8.58336e-11 -4.27463e-11 -9.02673e-11 -9.48859e-11 -9.47864e-11 -4.18368e-11 1 -3.91083e-11 
-6.34373e-11 -2.31921e-11 -8.99263e-11 -4.09273e-11 -9.47509e-11 -1.00016e-10 -1.00613e-10 -4.09273e-11 -3.91083e-11 1 


10 10	1 -2.58992e-15 2.07269e-14 2.66931e-14 -3.136e-14 1.0119e-13 -2.44061e-14 4.31946e-15 8.93036e-15 -2.14238e-16 
-1.01133e-15 1 1.68186e-15 4.84352e-14 -1.71044e-15 7.62996e-15 -3.34737e-15 6.34319e-14 -3.32477e-14 -4.1204e-15 
0.114031 0.0241386 1.59068 -0.0938562 -0.810183 0.134365 -0.0319459 0.0387486 0.0377575 -0.00489657 
0.000923824 0.0860751 0.0201457 1.98029 -0.00829266 -0.0461611 0.0329186 -1.46979 0.603384 -0.198675 
-3.41201e-15 -2.684e-15 1 -1.45639e-14 -1.50876e-13 2.06813e-13 -5.04069e-14 5.96641e-14 -2.77244e-14 1.90117e-14 
-3.59678e-15 -2.30016e-15 1.02199e-13 -1.608e-14 1 1.58669e-13 -2.76604e-14 5.42691e-14 -2.02598e-14 1.70306e-14 
-5.26388e-15 -2.35093e-15 1.14976e-13 -1.80229e-14 -1.20095e-13 1 -3.41885e-14 5.29524e-14 -2.07299e-14 1.8264e-14 
-1.74253e-15 -9.14156e-15 9.9881e-15 1 -2.6432e-14 5.33393e-14 -2.57329e-14 3.05339e-13 -2.48274e-13 7.052e-14 
-2.74553e-15 -1.46489e-14 1.07314e-14 1.49346e-13 -9.33108e-15 2.03414e-14 -7.87218e-15 1 -7.68829e-15 -2.01297e-14 
-2.60366e-15 -1.32836e-14 9.39743e-15 1.21708e-13 -8.6979e-15 2.40537e-14 -1.02019e-14 2.83384e-14 1 -1.1588e-14 

10	-3.2685e-11 -1.75646e-11 0.962643 -0.0415426 -4.72369e-11 -4.89422e-11 -4.99654e-11 -2.75406e-11 -2.76827e-11 -2.64038e-11 
10 10	1 -1.08798e-10 -9.09495e-10 -1.88038e-10 -9.78616e-10 -1.02227e-09 -1.05774e-09 -2.0691e-10 -2.16914e-10 -2.17483e-10 
-1.08798e-10 1 -9.34506e-11 -3.12866e-10 -9.27685e-11 -8.95284e-11 -8.24798e-11 -3.27873e-10 -3.29237e-10 -3.15367e-10 
-9.09495e-10 -9.34506e-11 532.521 -9.21024 -1.49339e-09 -1.56979e-09 -1.63527e-09 -2.03727e-10 -2.20894e-10 -2.28283e-10 
-1.88038e-10 -3.12866e-10 -9.21024 7.39341 -1.80421e-10 -1.76954e-10 -1.66494e-10 -4.70209e-10 -4.6839e-10 -4.41105e-10 
-9.78616e-10 -9.27685e-11 -1.49339e-09 -1.80421e-10 1 -1.71167e-09 -1.78261e-09 -2.08502e-10 -2.26237e-10 -2.35048e-10 
-1.02227e-09 -8.95284e-11 -1.56979e-09 -1.76954e-10 -1.71167e-09 1 -1.87538e-09 -2.06001e-10 -2.24645e-10 -2.34593e-10 
-1.05774e-09 -8.24798e-11 -1.63527e-09 -1.66494e-10 -1.78261e-09 -1.87538e-09 1 -1.95598e-10 -2.14811e-10 -2.25668e-10 
-2.0691e-10 -3.27873e-10 -2.03727e-10 -4.70209e-10 -2.08502e-10 -2.06001e-10 -1.95598e-10 1 -4.81123e-10 -4.52019e-10 
-2.16914e-10 -3.29237e-10 -2.20894e-10 -4.6839e-10 -2.26237e-10 -2.24645e-10 -2.14811e-10 -4.81123e-10 1 -4.45652e-10 
-2.17483e-10 -3.15367e-10 -2.28283e-10 -4.41105e-10 -2.35048e-10 -2.34593e-10 -2.25668e-10 -4.52019e-10 -4.45652e-10 1 


10 10	1 -1.71534e-16 -3.26285e-14 6.80402e-15 1.96076e-13 -5.73441e-14 4.24519e-15 -1.21448e-14 7.73687e-15 5.17815e-16 
-4.6282e-16 1 8.93131e-15 -4.67062e-14 -3.22051e-14 2.61261e-14 -6.38644e-15 5.31493e-14 -1.12709e-13 2.86598e-14 
0.107773 0.0121415 1.33199 -0.103014 -0.458061 -0.138574 0.154896 0.248396 -0.247484 0.0950216 
0.00104125 0.0856736 -0.0176964 1.35236 0.0646202 -0.067715 0.0194427 -0.379805 -0.293329 0.235164 
5.29954e-15 1.64866e-16 1 8.95302e-15 4.58206e-13 -2.20921e-13 3.18568e-14 -4.08519e-14 4.11242e-14 -1.27077e-14 
5.07887e-15 -1.01075e-16 -4.66492e-14 4.71324e-15 1 -1.08804e-13 -1.82387e-14 -2.24785e-14 1.9193e-14 -1.67921e-15 
5.29621e-15 -2.06324e-16 -4.9116e-14 4.83034e-15 3.8866e-13 1 -1.76647e-14 -2.01141e-14 1.76369e-14 5.11743e-17 
-3.34707e-16 9.05114e-15 -4.66641e-16 1 5.08968e-15 -2.85362e-15 4.7384e-15 -1.11008e-13 5.60663e-15 -4.79616e-14 
-3.53884e-16 9.35927e-15 -3.01842e-16 -5.66561e-14 6.47746e-15 -2.30024e-15 4.074e-15 1 -1.57097e-14 -4.09256e-14 
-5.3027e-16 1.16691e-14 4.53457e-15 -1.00829e-13 -4.38538e-15 7.37604e-15 5.11743e-16 9.65894e-15 1 2.83107e-15 

10	-3.85398e-11 1.85878e-11 -0.586096 -0.908828 -6.53699e-11 -6.87805e-11 -6.95763e-11 4.54747e-11 4.85443e-11 4.9539e-11 
10 10	1 4.32578e-11 -1.56615e-09 -2.13731e-11 -1.69712e-09 -1.79261e-09 -1.8199e-09 -3.57261e-11 -4.76561e-11 -4.74074e-11 
4.32578e-11 1 8.24372e-11 3.2378e-10 8.7141e-11 8.42988e-11 7.9126e-11 3.61069e-10 3.92902e-10 4.0518e-10 
-1.56615e-09 8.24372e-11 44.2678 -1.74038 -2.76668e-09 -2.88674e-09 -2.90129e-09 -2.13163e-11 -3.68914e-11 -3.5044e-11 
-2.13731e-11 3.2378e-10 -1.74038 8.38592 -5.94014e-12 -2.13305e-11 -3.38503e-11 8.84029e-10 9.52241e-10 9.73159e-10 
-1.69712e-09 8.7141e-11 -2.76668e-09 -5.94014e-12 1 -3.09774e-09 -3.10683e-09 -2.67733e-11 -4.36557e-11 -4.13252e-11 
-1.79261e-09 8.42988e-11 -2.88674e-09 -2.13305e-11 -3.09774e-09 1 -3.22143e-09 -4.41389e-11 -6.26414e-11 -6.04246e-11 
-1.8199e-09 7.9126e-11 -2.90129e-09 -3.38503e-11 -3.10683e-09 -3.22143e-09 1 -5.77245e-11 -7.6966e-11 -7.48059e-11 
-3.57261e-11 3.61069e-10 -2.13163e-11 8.84029e-10 -2.67733e-11 -4.41389e-11 -5.77245e-11 1 1.04592e-09 1.06866e-09 
-4.76561e-11 3.92902e-10 -3.68914e-11 9.52241e-10 -4.36557e-11 -6.26414e-11 -7.6966e-11 1.04592e-09 1 1.14778e-09 
-4.74074e-11 4.0518e-10 -3.5044e-11 9.73159e-10 -4.13252e-11 -6.04246e-11 -7.48059e-11 1.06866e-09 1.14778e-09 1 


10 10	1 -7.85815e-15 -4.88307e-14 1.04204e-13 9.94119e-14 -3.64597e-13 7.92628e-14 -1.04004e-13 1.11884e-13 -6.78797e-15 
-2.14726e-15 1 4.99479e-14 -9.97813e-15 4.19803e-16 -1.19522e-14 1.50401e-15 2.29761e-13 9.03722e-14 2.9976e-15 
0.0068848 -0.000249585 1.78407 -0.0196259 -0.821013 -0.0292868 0.0600329 0.0626926 -0.0614268 0.0185935 
1.88851e-05 0.00553137 -0.0119574 1.74346 0.0339244 -0.0322675 0.0101664 -0.824118 0.0552386 0.0202557 
3.06713e-14 -8.97939e-15 1 -4.24643e-14 -2.02027e-12 1.53469e-12 -5.63024e-13 2.21038e-13 -8.72982e-14 5.41824e-14 
3.34008e-14 -1.0012e-14 1.80727e-13 8.65089e-14 1 2.23511e-13 -1.43578e-13 -2.46955e-14 6.82648e-14 1.52864e-14 
3.25993e-14 -9.90848e-15 2.39083e-13 7.53833e-14 -6.74266e-13 1 -1.50011e-13 -5.78704e-15 5.56777e-14 1.76352e-14 
-1.1015e-15 -4.17895e-15 3.11504e-14 1 5.13617e-14 -4.81212e-14 4.50681e-15 1.29785e-13 2.04503e-13 3.44169e-15 
-1.21193e-15 -4.10219e-15 6.21725e-14 -1.84436e-14 -9.35363e-15 -1.30035e-14 -1.44156e-15 1 2.24598e-13 -3.63043e-14 
-1.06321e-15 -4.93073e-15 5.80022e-14 4.66988e-14 -2.50494e-15 -1.7486e-14 -6.00214e-16 1.16795e-13 1 -4.54636e-14 

10	4.74643e-11 -9.004e-11 -0.211725 0.0158937 6.1732e-11 6.16751e-11 6.2073e-11 -1.11271e-10 -1.1093e-10 -1.10333e-10 
10 10	1 -6.07315e-10 3.97813e-09 -6.31367e-10 3.99086e-09 3.99086e-09 3.98541e-09 -6.2454e-10 -6.1571e-10 -6.03237e-10 
-6.07315e-10 1 -8.49639e-10 -2.20007e-09 -8.4691e-10 -8.4043e-10 -8.26958e-10 -2.19825e-09 -2.19825e-09 -2.19097e-09 
3.97813e-09 -8.49639e-10 107.001 -0.437659 5.26779e-09 5.26779e-09 5.25688e-09 -8.84995e-10 -8.73342e-10 -8.5663e-10 
-6.31367e-10 -2.20007e-09 -0.437659 1.89541 -8.89315e-10 -8.81698e-10 -8.65214e-10 -2.7967e-09 -2.7967e-09 -2.7876e-09 
3.99086e-09 -8.4691e-10 5.26779e-09 -8.89315e-10 1 5.27871e-09 5.26779e-09 -8.81414e-10 -8.69704e-10 -8.52936e-10 
3.99086e-09 -8.4043e-10 5.26779e-09 -8.81698e-10 5.27871e-09 1 5.27143e-09 -8.72944e-10 -8.61178e-10 -8.44466e-10 
3.98541e-09 -8.26958e-10 5.25688e-09 -8.65214e-10 5.26779e-09 5.27143e-09 1 -8.5663e-10 -8.44921e-10 -8.28322e-10 
-6.2454e-10 -2.19825e-09 -8.84995e-10 -2.7967e-09 -8.81414e-10 -8.72944e-10 -8.5663e-10 1 -2.79942e-09 -2.79033e-09 
-6.1571e-10 -2.19825e-09 -8.73342e-10 -2.7967e-09 -8.69704e-10 -8.61178e-10 -8.44921e-10 -2.79942e-09 1 -2.78942e-09 
-6.03237e-10 -2.19097e-09 -8.5663e-10 -2.7876e-09 -8.52936e-10 -8.44466e-10 -8.28322e-10 -2.79033e-09 -2.78942e-09 1 


10 10	1 1.35737e-15 1.4448e-14 -3.62315e-14 -3.7163e-14 1.36807e-13 -1.61e-14 4.33577e-14 -8.27949e-14 1.67158e-14 
-1.8993e-15 1 -8.77261e-15 -9.14463e-15 -6.93196e-15 -7.18092e-14 -1.23507e-15 3.73669e-14 6.84218e-15 7.8648e-16 
0.292942 -0.000980746 0.315254 0.1845 2.88482 -4.60549 2.08496 -0.668326 0.590356 -0.13629 
0.00434905 0.162104 0.0860389 1.02959 -0.265819 0.228389 -0.0714157 0.227527 -0.852003 0.444871 
6.60821e-16 -4.91828e-15 1 7.36504e-14 2.26303e-13 -1.62814e-13 1.57046e-13 -1.58762e-13 1.43718e-13 -5.94247e-14 
4.75878e-15 -2.49204e-15 2.70052e-14 6.18965e-14 1 1.80134e-13 1.9186e-14 -7.46278e-14 2.37727e-14 7.95891e-15 
5.28961e-15 -3.40719e-15 2.96059e-14 8.10033e-14 2.79707e-14 1 2.54276e-14 -9.08024e-14 4.1217e-14 8.14626e-15 
1.38648e-15 -3.39767e-15 1.76291e-16 1 -1.09426e-14 1.11022e-15 1.47451e-15 4.45199e-14 -5.00155e-14 6.39211e-14 
1.19045e-15 -4.59691e-15 3.04444e-16 7.94174e-14 1.12618e-14 -1.4766e-14 1.7146e-14 1 6.88338e-14 1.45439e-14 
1.76682e-15 -5.57405e-15 1.46367e-15 9.754e-14 1.47451e-14 -5.34295e-15 1.99146e-14 -5.23331e-14 1 1.75415e-14 

10	-2.22826e-11 2.49258e-11 18.8729 4.41056 -7.8046e-11 -9.94191e-11 -1.13232e-10 -2.55795e-11 -3.85967e-11 -4.87717e-11 
10 10	1 6.73936e-10 -1.11686e-09 3.92447e-10 -1.38425e-09 -1.62436e-09 -1.75078e-09 2.46018e-10 1.25283e-10 3.20597e-11 
6.73936e-10 1 1.02409e-09 -3.06045e-10 1.26056e-09 1.46611e-09 1.57161e-09 -1.69621e-10 -5.77529e-11 2.85354e-11 
-1.11686e-09 1.02409e-09 115.96 -6.29535 -2.32467e-09 -2.74849e-09 -2.98678e-09 1.628e-10 -7.38964e-11 -2.55653e-10 
3.92447e-10 -3.06045e-10 -6.29535 1.78669 4.60659e-10 4.70664e-10 4.5452e-10 -3.57431e-10 -3.66072e-10 -3.72893e-10 
-1.38425e-09 1.26056e-09 -2.32467e-09 4.60659e-10 1 -3.49792e-09 -3.8126e-09 9.59517e-11 -2.20968e-10 -4.63729e-10 
-1.62436e-09 1.46611e-09 -2.74849e-09 4.70664e-10 -3.49792e-09 1 -4.55839e-09 2.6148e-11 -3.64139e-10 -6.62567e-10 
-1.75078e-09 1.57161e-09 -2.98678e-09 4.5452e-10 -3.8126e-09 -4.55839e-09 1 -3.87956e-11 -4.74301e-10 -8.07177e-10 
2.46018e-10 -1.69621e-10 1.628e-10 -3.57431e-10 9.59517e-11 2.6148e-11 -3.87956e-11 1 -4.62933e-10 -5.06589e-10 
1.25283e-10 -5.77529e-11 -7.38964e-11 -3.66072e-10 -2.20968e-10 -3.64139e-10 -4.74301e-10 -4.62933e-10 1 -6.44832e-10 
3.20597e-11 2.85354e-11 -2.55653e-10 -3.72893e-10 -4.63729e-10 -6.62567e-10 -8.07177e-10 -5.06589e-10 -6.44832e-10 1 


10 10	1 1.62018e-15 3.66283e-14 1.59421e-14 -7.14801e-14 7.44569e-14 -1.27923e-14 -2.46435e-14 -7.42462e-16 -1.30139e-14 
4.11997e-16 1 -2.13718e-15 3.74839e-14 -3.0774e-14 -5.48867e-15 -1.68129e-14 -8.11157e-14 -4.38954e-14 -1.65631e-14 
0.0675922 -0.0129126 1.84577 0.0692447 -0.973817 -0.350986 0.409608 -0.12586 0.118321 -0.0573394 
0.00206656 -0.00252562 -0.0996766 2.19512 0.17822 -0.108831 0.0220621 -1.24666 -0.507843 0.555085 
-8.25568e-15 2.56766e-16 1 3.07029e-14 2.51453e-14 1.99782e-13 1.66403e-14 -6.87887e-14 7.56513e-14 1.22272e-14 
-1.49491e-14 2.43135e-15 2.05968e-13 1.5678e-14 1 3.08719e-13 2.16817e-14 -5.92876e-14 9.85878e-14 1.21981e-14 
-1.54274e-14 2.29027e-15 2.30333e-13 1.75795e-14 -1.29138e-13 1 2.49625e-14 -7.04974e-14 1.20513e-13 1.59667e-14 
-2.90675e-16 6.44016e-16 -9.95211e-15 1 3.441e-14 -2.99864e-14 1.17007e-14 2.10679e-13 -8.94285e-14 9.09273e-14 
-2.63298e-16 -3.98249e-15 -2.50147e-15 -1.12646e-13 1.93665e-14 5.27356e-16 7.11237e-16 1 6.31439e-14 5.5525e-14 
-5.83409e-16 -4.33204e-15 4.09742e-15 -1.28578e-13 1.23235e-14 1.11508e-14 4.23273e-16 1.06887e-13 1 5.78426e-14 

10	-1.59162e-12 4.61569e-11 3.79437 3.34219 -1.24999e-10 -1.55637e-10 -1.81956e-10 -1.54614e-11 -3.05818e-11 -4.40536e-11 
10 10	1 -3.09228e-11 -1.89175e-10 6.55973e-11 -2.84672e-10 -3.78805e-10 -4.6407e-10 9.97602e-11 1.34037e-10 1.65755e-10 
-3.09228e-11 1 4.52303e-10 2.31012e-10 6.18115e-10 7.8262e-10 9.25638e-10 3.85853e-10 5.38932e-10 6.66887e-10 
-1.89175e-10 4.52303e-10 165.959 -12.6177 -3.00133e-09 -3.68891e-09 -4.27826e-09 -5.42855e-12 -8.87326e-11 -1.52113e-10 
6.55973e-11 2.31012e-10 -12.6177 14.5822 7.69091e-11 7.78186e-11 7.81029e-11 -5.45697e-11 -1.41881e-10 -2.24645e-10 
-2.84672e-10 6.18115e-10 -3.00133e-09 7.69091e-11 1 -4.76575e-09 -5.52063e-09 -4.50768e-11 -1.70019e-10 -2.67562e-10 
-3.78805e-10 7.8262e-10 -3.68891e-09 7.78186e-11 -4.76575e-09 1 -6.73572e-09 -8.61746e-11 -2.53294e-10 -3.85455e-10 
-4.6407e-10 9.25638e-10 -4.27826e-09 7.81029e-11 -5.52063e-09 -6.73572e-09 1 -1.22213e-10 -3.26168e-10 -4.88626e-10 
9.97602e-11 3.85853e-10 -5.42855e-12 -5.45697e-11 -4.50768e-11 -8.61746e-11 -1.22213e-10 1 -3.77895e-10 -5.29781e-10 
1.34037e-10 5.38932e-10 -8.87326e-11 -1.41881e-10 -1.70019e-10 -2.53294e-10 -3.26168e-10 -3.77895e-10 1 -8.44011e-10 
1.65755e-10 6.66887e-10 -1.52113e-10 -2.24645e-10 -2.67562e-10 -3.85455e-10 -4.88626e-10 -5.29781e-10 -8.44011e-10 1 


