1 8

1
8	8.24361e-15 -4.42936e-16 -6.96649e-17 1.12734e-13 -5.13613e-17 4.64522e-17 -2.6391e-15 -2.93256e-15 
8 8	1 6.2522e-17 -3.91601e-17 0.161633 -3.29828e-17 -1.59923e-17 -9.17412e-16 -6.72863e-16 
6.2522e-17 1 -4.47757e-17 2.4764e-18 0.431669 3.50547e-17 0.17763 1.41424e-17 
-3.91601e-17 -4.47757e-17 1 -5.48301e-17 5.8122e-18 0.421095 -3.60159e-17 0.167532 
0.161633 2.4764e-18 -5.48301e-17 1 2.22303e-18 -3.70082e-17 -1.50284e-16 -7.83709e-16 
-3.29828e-17 0.431669 5.8122e-18 2.22303e-18 1 4.48238e-17 0.320941 -4.39829e-18 
-1.59923e-17 3.50547e-17 0.421095 -3.70082e-17 4.48238e-17 1 3.73714e-17 0.313596 
-9.17412e-16 0.17763 -3.60159e-17 -1.50284e-16 0.320941 3.73714e-17 0.524079 2.72952e-17 
-6.72863e-16 1.41424e-17 0.167532 -7.83709e-16 -4.39829e-18 0.313596 2.72952e-17 0.524558 

