10	0.13119 0.546885 0.0153846 0.0307561 0.015145 0.015308 0.10789 0.0307665 0.0795894 0.027086 

10 10	0.96593 0.00162786 0.0221893 0.0107473 0 0.0053468 0.00818238 0.000826098 0.00188951 0.00171581 
0.000258424 0.83284 0 0.0485533 0.0215137 0.00301887 0.0175584 0.00500552 0.0292705 0 
0.00698359 0.00332075 0.940046 0.0120359 0.00440539 0.000448321 0.0050287 0.00544167 0.00031632 0.0191322 
0.00450346 0.00428932 0.00709283 0.83161 0.0374506 0.00761424 0.0214567 0.0123164 0.001669 0.010243 
0.00241893 0.00569732 0 0.0168954 0.92682 0.00043418 0 0.00193159 0 0.00659559 
0.00485417 0.0166377 0.0040895 0.00906549 6.46578e-297 0.973233 0 0.00799216 0.0024046 0.00212416 
0.000308127 0.0176985 0.00294347 0.011568 0 0.00478061 0.942422 0.00438242 0.0011751 0.00283447 
0.00436543 0.0088201 0.00350969 0.0234463 0.0043359 0.00222361 0 0.952466 0.00172663 0.0113465 
0.0103781 0.0954516 0.00910574 0.0194387 0.00547398 0.00245986 0.00223916 0.00564455 0.961548 0.00193415 
0 0.0136163 0.0110239 0.0166393 0 0.000440394 0.00311288 0.00399332 0 0.944074 


4	394.784 173.507 394.783 173.506 
4 4	2.3003 15.1131 2.29938 15.1121 
15.1131 141.022 15.0894 140.998 
2.29938 15.0894 3.29848 15.1132 
15.1121 140.998 15.1132 141.975 


4	327.495 262.683 327.467 262.655 
4 4	6831.32 1253.06 6829.39 1251.13 
1253.06 14925.1 1254.49 14926.5 
6829.39 1254.49 6828.47 1252.73 
1251.13 14926.5 1252.73 14929 


4	112.921 294.774 112.921 294.774 
4 4	1 0 1.42109e-14 0 
0 1 0 0 
1.42109e-14 0 1 0 
0 0 0 1 


4	394.08 358.862 394.08 358.862 
4 4	1 -3.48963 0.9745 -3.48963 
-3.48963 13.1775 -3.40064 12.1775 
0.9745 -3.40064 1.94965 -3.40064 
-3.48963 12.1775 -3.40064 13.1775 


4	553.875 295.196 553.875 295.196 
4 4	1 -1.53278e-26 4.16157e-25 -1.53278e-26 
-1.53278e-26 1 -6.37877e-51 2.34941e-52 
4.16157e-25 -6.37877e-51 1 1.19513e-37 
-1.53278e-26 2.34941e-52 1.19513e-37 1 


4	496.806 355.01 496.806 355.01 
4 4	1 0 0 0 
0 1 0 0 
0 0 1 0 
0 0 0 1 


4	627.417 293.547 627.417 293.547 
4 4	6085.53 3.86627 6085.53 3.86627 
3.86627 1.00246 3.86627 0.92798 
6085.53 3.86627 6086.53 3.86627 
3.86627 0.92798 3.86627 1.85905 


4	715.849 291.28 715.849 291.28 
4 4	318.515 10.3073 318.515 10.3073 
10.3073 1.33355 10.3073 0.345817 
318.515 10.3073 319.515 10.3073 
10.3073 0.345817 10.3073 1.3337 


4	415.941 145.976 415.941 145.976 
4 4	3048.82 3754.51 3048.82 3754.51 
3754.51 4727.23 3754.51 4727.23 
3048.82 3754.51 3049.82 3754.51 
3754.51 4727.23 3754.51 4728.23 


4	316.303 409.985 316.303 409.985 
4 4	80.301 -159.998 80.301 -159.998 
-159.998 319.793 -159.998 318.793 
80.301 -159.998 81.301 -159.998 
-159.998 318.793 -159.998 319.793 


4 4	0.948721 0.00398012 0.0457103 -0.00881199 
0.0340739 0.977807 -0.0313233 0.0220265 
-0.0411959 0.00739561 1.03473 -0.012589 
-0.00251204 -0.0101414 0.00304712 1.00555 

4	2.36122 -3.92873 2.86229 -1.58247 
4 4	3.40464 0.0664433 1.90037 -0.219352 
0.0664433 2.0926 0.233955 0.349822 
1.90037 0.233955 5.52575 1.12516 
-0.219352 0.349822 1.12516 7.5458 


4 4	0.919086 -0.0131679 0.0891241 -0.000209253 
0.0424852 1.00613 -0.0362807 0.000272669 
-0.0586564 -0.00792642 1.06539 -0.00526666 
0.0251139 0.0322812 -0.0224123 0.963901 

4	0.193042 0.612165 0.611793 6.37745 
4 4	8.9334 0.0920299 7.45674 -1.40011 
0.0920299 5.25302 1.28757 2.27218 
7.45674 1.28757 14.9972 -1.98204 
-1.40011 2.27218 -1.98204 13.3 


4 4	1.0496 0.00212271 -0.0519881 -0.0137216 
0.00884949 1.01341 -0.0114422 -0.0173813 
0.0825676 0.0214309 0.916659 -0.0347181 
-0.0232309 0.00401373 0.025282 1.00292 

4	6.71557 -5.66561 6.52015 -11.1224 
4 4	10.7967 1.88377 6.78417 3.12833 
1.88377 5.38793 2.34979 3.19187 
6.78417 2.34979 19.3606 -8.18755 
3.12833 3.19187 -8.18755 68.2323 


4 4	1.0171 0.00281961 -0.0114516 0.0128242 
-0.0207921 1.02853 0.0179806 -0.0481195 
0.0488372 0.00878509 0.95189 0.0212216 
-0.0315687 0.0891822 0.034174 0.880783 

4	-2.3556 10.1436 -2.74361 12.7724 
4 4	33.549 0.384005 64.6014 -2.67446 
0.384005 22.1985 1.99262 50.6778 
64.6014 1.99262 174.648 9.6224 
-2.67446 50.6778 9.6224 182.44 


4 4	1.02656 0.00848296 -0.0195573 0.0440807 
-0.0342017 1.01619 0.0214055 -0.0167158 
0.0302752 -0.0287645 0.967456 0.0523251 
-0.00113651 0.0560387 -0.0189342 0.944017 

4	-17.7088 11.5414 -7.2585 12.3367 
4 4	12.4876 -2.69489 3.60156 -2.17695 
-2.69489 5.54192 0.312057 1.07275 
3.60156 0.312057 8.78866 -4.02908 
-2.17695 1.07275 -4.02908 22.7597 


4 4	1.04343 -0.0901745 -0.041982 0.084201 
0.000895022 0.954309 -2.78683e-05 0.0462119 
0.0377602 -0.0527919 0.963791 0.0486184 
-0.00185379 -0.0190655 0.00191537 1.01892 

4	6.56398 -0.595641 5.68996 -0.0570798 
4 4	3.36057 -0.0966518 1.00871 -0.0325107 
-0.0966518 1.36858 -0.167707 0.179255 
1.00871 -0.167707 15.008 -0.158323 
-0.0325107 0.179255 -0.158323 1.55985 


4 4	1.04162 -0.0154652 -0.0430809 -0.00518883 
0.0254149 1.03347 -0.0189452 -0.0534292 
0.0533872 0.0052552 0.951524 -0.0246818 
-0.0178959 0.0138853 0.0218554 0.985225 

4	5.06917 6.5499 2.05301 -0.817693 
4 4	3.89484 0.758439 1.64555 -0.434582 
0.758439 3.35334 1.17227 0.364888 
1.64555 1.17227 12.9943 -0.838272 
-0.434582 0.364888 -0.838272 3.74812 


4 4	1.0154 0.0137872 -0.0136998 0.0290671 
-0.0275436 1.02826 0.0136243 -0.0341224 
-0.0185912 -0.0270277 1.02017 0.0576148 
-0.0115293 0.0182068 0.000921328 0.977983 

4	-12.7399 7.01843 -10.0348 5.38231 
4 4	4.60591 0.474675 1.5975 -0.0190677 
0.474675 2.93157 0.904804 0.900543 
1.5975 0.904804 11.1095 -0.2418 
-0.0190677 0.900543 -0.2418 4.60025 


4 4	0.974023 0.00102399 0.0292158 -0.00429832 
0.00863334 0.963776 -0.0114315 0.0385223 
-0.0125191 0.00188624 1.01469 -0.00498173 
-0.00337072 -0.0151157 0.00113729 1.01697 

4	-0.702126 1.43781 -0.354617 1.15043 
4 4	1.73558 -0.419503 0.526517 -0.258969 
-0.419503 2.47902 -0.361744 0.984257 
0.526517 -0.361744 2.19465 -0.655504 
-0.258969 0.984257 -0.655504 3.40559 


4 4	1.01064 -0.0103518 -0.00842689 0.00811728 
-0.026112 1.03693 0.0212673 -0.0335528 
0.0569048 -0.000516093 0.961284 0.0105789 
-0.0252018 0.0728003 0.0273856 0.937182 

4	-8.84477 -1.81646 -18.2972 -6.36304 
4 4	4.3242 -4.13806 3.74521 -2.21781 
-4.13806 15.2049 -6.70379 7.81966 
3.74521 -6.70379 67.6198 2.92157 
-2.21781 7.81966 2.92157 20.5079 


