5 16

0.108478
16	-4.5166e-17 3.45619e-17 1.27641e-17 4.14915e-16 -1.83273e-19 -1.10856e-18 -4.15321e-19 -5.46432e-19 3.04724e-19 -3.49618e-19 -1.41327e-18 -4.35471e-19 -5.81484e-19 -9.15739e-19 -1.5758e-18 -6.47106e-19 
16 16	0.822966 3.17792e-16 0.113942 6.47063e-17 0.00590312 2.43849e-17 0.00590272 2.43592e-17 0.00590267 2.47798e-17 0.00590265 2.43982e-17 0.00590301 2.72103e-17 -0.000291148 8.84976e-17 
3.17792e-16 0.82152 5.46901e-17 0.113686 5.3656e-17 0.0058958 5.35856e-17 0.0058954 5.32594e-17 0.00589535 5.38218e-17 0.00589533 5.79464e-17 0.00589529 1.62334e-16 -0.000217543 
0.113942 5.46901e-17 0.642646 6.52093e-18 0.0337456 5.22011e-18 0.0337456 5.65544e-18 0.0337456 5.04201e-18 0.0337458 4.87359e-18 0.033746 5.22864e-18 0.042423 4.07538e-17 
6.47063e-17 0.113686 6.52093e-18 0.642173 1.58018e-17 0.0337077 1.59733e-17 0.0337077 1.61214e-17 0.0337077 1.62028e-17 0.0337078 1.71092e-17 0.0337081 6.0256e-17 0.0422145 
0.00590312 5.3656e-17 0.0337456 1.58018e-17 0.00542883 1.16593e-18 0.00542886 1.22553e-18 0.00542891 1.20764e-18 0.00542897 1.20579e-18 0.0054293 1.15512e-18 0.00565117 -4.21663e-19 
2.43849e-17 0.0058958 5.22011e-18 0.0337077 1.16593e-18 0.00542254 1.13395e-18 0.00542258 1.20351e-18 0.00542263 1.16163e-18 0.00542269 1.04385e-18 0.00542299 1.25495e-18 0.0056394 
0.00590272 5.35856e-17 0.0337456 1.59733e-17 0.00542886 1.13395e-18 0.00542989 1.88077e-18 0.005429 9.35158e-19 0.00542906 1.39267e-18 0.00542938 2.15586e-18 0.00565212 1.50255e-18 
2.43592e-17 0.0058954 5.65544e-18 0.0337077 1.22553e-18 0.00542258 1.88077e-18 0.00542361 -1.04616e-18 0.00542272 3.11926e-19 0.00542278 1.65418e-18 0.00542306 -9.44439e-18 0.00564036 
0.00590267 5.32594e-17 0.0337456 1.61214e-17 0.00542891 1.20351e-18 0.005429 -1.04616e-18 0.00542999 3.45737e-18 0.00542908 5.4853e-18 0.00542941 1.06873e-18 0.00565246 9.9912e-17 
2.47798e-17 0.00589535 5.04201e-18 0.0337077 1.20764e-18 0.00542263 9.35158e-19 0.00542272 3.45737e-18 0.00542371 -1.10459e-18 0.0054228 -1.31974e-18 0.0054231 -9.11526e-17 0.0056407 
0.00590265 5.38218e-17 0.0337458 1.62028e-17 0.00542897 1.16163e-18 0.00542906 3.11926e-19 0.00542908 -1.10459e-18 0.00543012 -2.21441e-18 0.00542948 4.964e-18 0.00565097 2.45621e-17 
2.43982e-17 0.00589533 4.87359e-18 0.0337078 1.20579e-18 0.00542269 1.39267e-18 0.00542278 5.4853e-18 0.0054228 -2.21441e-18 0.00542383 4.15124e-18 0.00542316 -1.98837e-16 0.00563914 
0.00590301 5.79464e-17 0.033746 1.71092e-17 0.0054293 1.04385e-18 0.00542938 1.65418e-18 0.00542941 -1.31974e-18 0.00542948 4.15124e-18 0.00543077 4.16709e-19 0.00565626 -2.49137e-18 
2.72103e-17 0.00589529 5.22864e-18 0.0337081 1.15512e-18 0.00542299 2.15586e-18 0.00542306 1.06873e-18 0.0054231 4.964e-18 0.00542316 4.16709e-19 0.00542443 3.54058e-17 0.00564457 
-0.000291148 1.62334e-16 0.042423 6.0256e-17 0.00565117 1.25495e-18 0.00565212 -9.44439e-18 0.00565246 -9.11526e-17 0.00565097 -1.98837e-16 0.00565626 3.54058e-17 0.0121836 -3.6493e-17 
8.84976e-17 -0.000217543 4.07538e-17 0.0422145 -4.21663e-19 0.0056394 1.50255e-18 0.00564036 9.9912e-17 0.0056407 2.45621e-17 0.00563914 -2.49137e-18 0.00564457 -3.6493e-17 0.0120517 


0.259915
16	-3.76441e-17 -1.55913e-17 -2.7128e-17 -7.05524e-17 -1.31898e-17 2.68212e-17 1.82974e-17 -2.61739e-18 9.61699e-18 3.53093e-17 1.52607e-18 6.67946e-18 5.19075e-17 1.44809e-18 1.53336e-17 -4.47077e-17 
16 16	1.83371 -2.74766e-16 0.329612 -1.73944e-17 0.221517 -1.8733e-17 0.035228 1.4396e-18 -0.115936 -7.84463e-17 -0.227546 1.45251e-16 -0.304002 -9.25268e-17 -0.357605 -3.5415e-17 
-2.74766e-16 1.83633 -4.57242e-17 0.327514 2.28981e-16 0.232557 -7.33307e-18 0.0444427 -1.25963e-16 -0.108269 3.70861e-17 -0.222992 -2.26879e-16 -0.301116 -8.63348e-17 -0.355231 
0.329612 -4.57242e-17 1.85892 -2.33632e-17 1.52748 -1.4967e-17 1.51303 -5.76035e-18 1.47492 -3.73977e-18 1.41378 5.16095e-17 1.33021 -6.15961e-18 1.2282 3.33949e-17 
-1.73944e-17 0.327514 -2.33632e-17 1.85571 -6.18655e-17 1.54284 -6.14323e-17 1.52445 -8.40027e-17 1.4821 -4.16252e-17 1.41735 -1.88371e-18 1.33106 9.51005e-17 1.22802 
0.221517 2.28981e-16 1.52748 -6.18655e-17 2.64261 -1.61927e-17 2.41688 -3.7572e-17 2.15774 1.87033e-17 1.89324 -1.5603e-17 1.64089 -1.72321e-17 1.46874 -4.58839e-18 
-1.8733e-17 0.232557 -1.4967e-17 1.54284 -1.61927e-17 2.67602 -2.09996e-17 2.44351 -5.32579e-17 2.17487 1.75583e-18 1.90519 3.13891e-17 1.64864 3.40756e-17 1.47552 
0.035228 -7.33307e-18 1.51303 -6.14323e-17 2.41688 -2.09996e-17 2.7059 -1.21022e-16 2.45208 -1.73599e-17 2.16964 -8.34394e-19 1.88937 -3.34808e-18 1.62798 2.76101e-17 
1.4396e-18 0.0444427 -5.76035e-18 1.52445 -3.7572e-17 2.44351 -1.21022e-16 2.72835 -1.47749e-17 2.46792 2.71356e-17 2.18122 9.13141e-19 1.89649 -6.68717e-17 1.63485 
-0.115936 -1.25963e-16 1.47492 -8.40027e-17 2.15774 -5.32579e-17 2.45208 -1.47749e-17 2.73222 -1.0381e-16 2.46009 -7.5271e-17 2.16228 -4.22348e-17 1.87191 -1.7358e-17 
-7.84463e-17 -0.108269 -3.73977e-18 1.4821 1.87033e-17 2.17487 -1.73599e-17 2.46792 -1.0381e-16 2.74617 -2.01053e-17 2.47079 -1.52802e-17 2.16836 -2.62817e-17 1.87814 
-0.227546 3.70861e-17 1.41378 -4.16252e-17 1.89324 1.75583e-18 2.16964 2.71356e-17 2.46009 -2.01053e-17 2.72439 -1.58269e-17 2.43709 -1.84819e-17 2.12779 2.69161e-17 
1.45251e-16 -0.222992 5.16095e-17 1.41735 -1.5603e-17 1.90519 -8.34394e-19 2.18122 -7.5271e-17 2.47079 -1.58269e-17 2.73416 9.76321e-17 2.44325 5.05255e-17 2.13423 
-0.304002 -2.26879e-16 1.33021 -1.88371e-18 1.64089 3.13891e-17 1.88937 9.13141e-19 2.16228 -1.52802e-17 2.43709 9.76321e-17 2.68173 -3.72452e-18 2.38337 -6.48632e-18 
-9.25268e-17 -0.301116 -6.15961e-18 1.33106 -1.72321e-17 1.64864 -3.34808e-18 1.89649 -4.22348e-17 2.16836 -1.84819e-17 2.44325 -3.72452e-18 2.6875 -1.28789e-17 2.38865 
-0.357605 -8.63348e-17 1.2282 9.51005e-17 1.46874 3.40756e-17 1.62798 -6.68717e-17 1.87191 -2.62817e-17 2.12779 5.05255e-17 2.38337 -1.28789e-17 2.58393 -5.84178e-17 
-3.5415e-17 -0.355231 3.33949e-17 1.22802 -4.58839e-18 1.47552 2.76101e-17 1.63485 -1.7358e-17 1.87814 2.69161e-17 2.13423 -6.48632e-18 2.38865 -5.84178e-17 2.5889 


0.0914107
16	1.34148e-16 7.74596e-17 -9.3246e-17 1.06206e-17 7.98745e-17 5.92347e-19 -1.47409e-16 3.36581e-20 -1.48666e-16 3.80474e-18 -3.7397e-17 3.53069e-18 -5.37122e-17 3.53284e-18 -1.39752e-16 2.12057e-19 
16 16	1.38703 -5.85836e-17 0.0340138 -1.13892e-17 0.036853 -7.84957e-19 -0.0703672 -8.36263e-19 -0.142634 3.26012e-21 -0.196528 2.92488e-30 -0.231603 -1.09299e-23 -0.261083 1.37457e-19 
-5.85836e-17 0.237988 -1.90797e-17 0.175046 3.83402e-18 0.0146644 6.43271e-18 0.00423412 2.72878e-18 1.64316e-06 7.49011e-18 1.87165e-14 5.44588e-18 1.97065e-08 -1.89666e-18 -0.000593012 
0.0340138 -1.90797e-17 1.35905 9.96856e-19 1.01687 -1.34703e-18 0.913563 -3.2839e-19 0.834873 9.91871e-21 0.793827 -2.95388e-31 0.770248 -3.47183e-23 0.76354 9.66575e-20 
-1.13892e-17 0.175046 9.96856e-19 0.36607 4.18143e-18 0.0231755 7.53084e-19 0.00729659 2.49825e-17 5.54713e-06 -1.08191e-17 1.9748e-18 1.14188e-17 -6.58641e-09 3.08277e-17 0.000283078 
0.036853 3.83402e-18 1.01687 4.18143e-18 1.3119 -1.84486e-18 1.1344 -5.33596e-19 0.983641 -3.07382e-21 0.887944 -3.97426e-29 0.818115 -5.94207e-23 0.787643 -2.55251e-19 
-7.84957e-19 0.0146644 -1.34703e-18 0.0231755 -1.84486e-18 0.0163066 -8.18099e-19 0.00461103 -2.637e-19 5.42069e-07 6.02627e-19 1.56096e-14 1.0412e-18 -2.33294e-09 1.19102e-18 -0.00013351 
-0.0703672 6.43271e-18 0.913563 7.53084e-19 1.1344 -8.18099e-19 1.1764 -2.2012e-19 1.04461 -1.73558e-21 0.9482 3.77491e-29 0.870581 -4.97298e-23 0.818475 5.28828e-21 
-8.36263e-19 0.00423412 -3.2839e-19 0.00729659 -5.33596e-19 0.00461103 -2.2012e-19 0.00293858 2.43321e-19 5.24543e-07 1.46673e-19 -5.0731e-15 3.4186e-19 1.05259e-14 4.84491e-20 -5.34652e-06 
-0.142634 2.72878e-18 0.834873 2.49825e-17 0.983641 -2.637e-19 1.04461 2.43321e-19 1.09715 -4.34832e-22 1.0034 -1.21267e-28 0.925125 -4.63301e-23 0.866466 1.30294e-19 
3.26012e-21 1.64316e-06 9.91871e-21 5.54713e-06 -3.07382e-21 5.42069e-07 -1.73558e-21 5.24543e-07 -4.34832e-22 1.00017e-06 -2.68911e-20 8.19375e-18 -2.60786e-20 5.3924e-13 -6.07446e-20 1.54038e-07 
-0.196528 7.49011e-18 0.793827 -1.08191e-17 0.887944 6.02627e-19 0.9482 1.46673e-19 1.0034 -2.68911e-20 1.07792 -4.67325e-29 0.999814 -2.00682e-23 0.942081 2.43822e-20 
2.92488e-30 1.87165e-14 -2.95388e-31 1.9748e-18 -3.97426e-29 1.56096e-14 3.77491e-29 -5.0731e-15 -1.21267e-28 8.19375e-18 -4.67325e-29 1e-06 -6.14765e-21 2.88234e-13 1.93714e-21 3.07641e-08 
-0.231603 5.44588e-18 0.770248 1.14188e-17 0.818115 1.0412e-18 0.870581 3.4186e-19 0.925125 -2.60786e-20 0.999814 -6.14765e-21 1.08909 3.80466e-24 1.03159 4.04339e-20 
-1.09299e-23 1.97065e-08 -3.47183e-23 -6.58641e-09 -5.94207e-23 -2.33294e-09 -4.97298e-23 1.05259e-14 -4.63301e-23 5.3924e-13 -2.00682e-23 2.88234e-13 3.80466e-24 1e-06 1.41576e-22 3.78739e-07 
-0.261083 -1.89666e-18 0.76354 3.08277e-17 0.787643 1.19102e-18 0.818475 4.84491e-20 0.866466 -6.07446e-20 0.942081 1.93714e-21 1.03159 1.41576e-22 1.13001 -1.64275e-19 
1.37457e-19 -0.000593012 9.66575e-20 0.000283078 -2.55251e-19 -0.00013351 5.28828e-21 -5.34652e-06 1.30294e-19 1.54038e-07 2.43822e-20 3.07641e-08 4.04339e-20 3.78739e-07 -1.64275e-19 0.000796447 


0.0817505
16	-2.62824e-18 4.45295e-17 1.54069e-17 -5.65436e-18 9.63721e-19 1.1398e-17 2.49983e-18 5.16909e-19 2.28456e-18 -1.04519e-17 2.28456e-18 1.50265e-17 2.45363e-18 1.75735e-17 4.26117e-19 -1.16566e-17 
16 16	0.203854 -4.03068e-17 0.146823 2.49687e-17 0.00558057 2.58378e-17 2.16542e-06 1.46969e-17 1.86569e-14 1.81234e-17 -2.8069e-14 -4.48263e-18 1.07787e-07 -1.65667e-17 -0.000788284 -4.83515e-18 
-4.03068e-17 1.32749 6.49848e-18 0.0252578 -6.95912e-19 0.0191294 1.47419e-21 -0.0857836 -5.36959e-30 -0.152015 -2.01257e-29 -0.197984 1.358e-22 -0.227519 -7.54003e-18 -0.256357 
0.146823 6.49848e-18 0.356789 9.34034e-18 0.011211 -6.26986e-18 5.82603e-06 4.04351e-18 8.6472e-16 -6.40289e-18 -6.78435e-14 4.52858e-18 8.39178e-07 2.82332e-17 0.000717569 1.44687e-17 
2.49687e-17 0.0252578 9.34034e-18 1.34305 -3.34232e-19 0.951004 4.42606e-21 0.85877 -4.18905e-29 0.802888 -1.82082e-30 0.767374 -1.10584e-21 0.751264 7.8272e-18 0.75066 
0.00558057 -6.95912e-19 0.011211 -3.34232e-19 0.00526098 7.1514e-20 1.99325e-06 1.31721e-19 -5.67258e-15 -5.94237e-20 2.2254e-14 1.42616e-19 -8.33235e-09 -6.08731e-20 -7.69857e-05 8.60951e-20 
2.58378e-17 0.0191294 -6.26986e-18 0.951004 7.1514e-20 1.21639 1.96031e-21 1.05747 -7.62768e-30 0.939859 3.16547e-29 0.850864 -6.57214e-22 0.792308 4.57922e-19 0.765594 
2.16542e-06 1.47419e-21 5.82603e-06 4.42606e-21 1.99325e-06 1.96031e-21 1.00077e-06 1.01132e-20 4.67474e-18 1.19662e-20 -1.70499e-17 1.35855e-20 -3.99985e-12 3.51975e-21 4.44616e-08 8.49449e-21 
1.46969e-17 -0.0857836 4.04351e-18 0.85877 1.31721e-19 1.05747 1.01132e-20 1.11463 2.43335e-29 1.00654 -5.13488e-29 0.914204 -4.34629e-22 0.846774 4.76444e-19 0.797205 
1.86569e-14 -5.36959e-30 8.6472e-16 -4.18905e-29 -5.67258e-15 -7.62768e-30 4.67474e-18 2.43335e-29 1e-06 -2.81795e-21 -6.27742e-15 3.6638e-21 -8.25443e-13 -3.94587e-22 1.98756e-09 4.55835e-22 
1.81234e-17 -0.152015 -6.40289e-18 0.802888 -5.94237e-20 0.939859 1.19662e-20 1.00654 -2.81795e-21 1.07017 6.34743e-29 0.977715 4.29318e-22 0.908989 3.67477e-19 0.849944 
-2.8069e-14 -2.01257e-29 -6.78435e-14 -1.82082e-30 2.2254e-14 3.16547e-29 -1.70499e-17 -5.13488e-29 -6.27742e-15 6.34743e-29 1e-06 5.19713e-22 2.7072e-11 5.22319e-21 5.16825e-08 -4.47461e-21 
-4.48263e-18 -0.197984 4.52858e-18 0.767374 1.42616e-19 0.850864 1.35855e-20 0.914204 3.6638e-21 0.977715 5.19713e-22 1.0528 -7.08077e-22 0.983165 8.14102e-19 0.923775 
1.07787e-07 1.358e-22 8.39178e-07 -1.10584e-21 -8.33235e-09 -6.57214e-22 -3.99985e-12 -4.34629e-22 -8.25443e-13 4.29318e-22 2.7072e-11 -7.08077e-22 1e-06 -3.09563e-21 5.33709e-06 2.01289e-21 
-1.65667e-17 -0.227519 2.82332e-17 0.751264 -6.08731e-20 0.792308 3.51975e-21 0.846774 -3.94587e-22 0.908989 5.22319e-21 0.983165 -3.09563e-21 1.07445 4.71042e-19 1.02 
-0.000788284 -7.54003e-18 0.000717569 7.8272e-18 -7.69857e-05 4.57922e-19 4.44616e-08 4.76444e-19 1.98756e-09 3.67477e-19 5.16825e-08 8.14102e-19 5.33709e-06 4.71042e-19 0.00125218 5.72111e-18 
-4.83515e-18 -0.256357 1.44687e-17 0.75066 8.60951e-20 0.765594 8.49449e-21 0.797205 4.55835e-22 0.849944 -4.47461e-21 0.923775 2.01289e-21 1.02 5.72111e-18 1.12458 


0.458446
16	-2.32515e-17 5.44795e-17 -1.58096e-17 -6.12716e-18 6.45082e-18 -2.41379e-17 2.11331e-17 -1.33992e-17 -8.28229e-18 1.04482e-17 1.5054e-18 -7.94057e-18 -9.55057e-18 2.815e-17 2.00418e-18 -8.75774e-17 
16 16	0.634018 1.20101e-17 -0.13637 -3.34863e-17 -0.106092 3.57615e-17 -0.127421 -1.22987e-17 -0.145546 -1.07089e-17 -0.161482 -9.6381e-18 -0.176009 9.98978e-18 -0.189956 -2.0808e-17 
1.20101e-17 0.661617 2.07991e-17 -0.141564 3.17447e-19 -0.110342 2.24103e-18 -0.132221 -4.21952e-18 -0.151224 -9.95694e-18 -0.167944 2.41318e-17 -0.183252 -9.89292e-18 -0.197686 
-0.13637 2.07991e-17 0.640704 1.32089e-17 0.418418 3.18722e-18 0.41142 2.68022e-18 0.407459 8.65409e-18 0.40605 8.20551e-18 0.411036 1.17146e-17 0.418514 6.43183e-18 
-3.34863e-17 -0.141564 1.32089e-17 0.664757 1.25057e-17 0.440268 3.94271e-18 0.432522 3.26818e-18 0.42669 -3.5823e-18 0.42548 -1.92202e-18 0.43018 5.67235e-18 0.437122 
-0.106092 3.17447e-19 0.418418 1.25057e-17 0.419257 6.84383e-18 0.387051 3.09588e-18 0.368093 8.18192e-19 0.352591 2.57769e-18 0.340471 3.4367e-18 0.338827 -5.66248e-18 
3.57615e-17 -0.110342 3.18722e-18 0.440268 6.84383e-18 0.442676 6.20809e-18 0.408658 -1.87945e-18 0.38692 -2.02484e-18 0.371138 1.19339e-17 0.357917 6.31493e-18 0.355531 
-0.127421 2.24103e-18 0.41142 3.94271e-18 0.387051 6.20809e-18 0.411327 2.10235e-18 0.384999 1.01776e-17 0.368414 1.13811e-17 0.358247 1.27258e-18 0.347664 1.50932e-18 
-1.22987e-17 -0.132221 2.68022e-18 0.432522 3.09588e-18 0.408658 2.10235e-18 0.433821 6.60629e-18 0.404816 2.94685e-18 0.387896 9.75952e-18 0.376802 6.92376e-18 0.364815 
-0.145546 -4.21952e-18 0.407459 3.26818e-18 0.368093 -1.87945e-18 0.384999 6.60629e-18 0.412209 4.69525e-19 0.388673 1.23703e-17 0.377188 9.48659e-18 0.368914 5.82307e-18 
-1.07089e-17 -0.151224 8.65409e-18 0.42669 8.18192e-19 0.38692 1.01776e-17 0.404816 4.69525e-19 0.432232 8.16151e-18 0.408333 4.96663e-18 0.396117 1.85249e-18 0.386588 
-0.161482 -9.95694e-18 0.40605 -3.5823e-18 0.352591 -2.02484e-18 0.368414 2.94685e-18 0.388673 8.16151e-18 0.420484 9.3016e-18 0.402426 9.07159e-19 0.393307 1.17243e-17 
-9.6381e-18 -0.167944 8.20551e-18 0.42548 2.57769e-18 0.371138 1.13811e-17 0.387896 1.23703e-17 0.408333 9.3016e-18 0.442137 1.35179e-17 0.422973 7.35517e-18 0.412776 
-0.176009 2.41318e-17 0.411036 -1.92202e-18 0.340471 1.19339e-17 0.358247 9.75952e-18 0.377188 4.96663e-18 0.402426 1.35179e-17 0.442444 7.92572e-18 0.426493 9.66709e-18 
9.98978e-18 -0.183252 1.17146e-17 0.43018 3.4367e-18 0.357917 1.27258e-18 0.376802 9.48659e-18 0.396117 9.07159e-19 0.422973 7.92572e-18 0.464733 6.19521e-18 0.447309 
-0.189956 -9.89292e-18 0.418514 5.67235e-18 0.338827 6.31493e-18 0.347664 6.92376e-18 0.368914 1.85249e-18 0.393307 7.35517e-18 0.426493 6.19521e-18 0.472533 1.55593e-17 
-2.0808e-17 -0.197686 6.43183e-18 0.437122 -5.66248e-18 0.355531 1.50932e-18 0.364815 5.82307e-18 0.386588 1.17243e-17 0.412776 9.66709e-18 0.447309 1.55593e-17 0.494593 

