5	0.273085 1.29845e-10 0.71153 7.99092e-10 0.0153846 

5 5	0.920835 0.0129891 0.0227555 0.00563713 0.0337519 
0.000647946 0.926535 0.0139774 0.0046633 0.0162306 
0.0296469 0.0181299 0.817504 0.0423782 0.0626415 
0.0107761 0.00510546 0.0768146 0.918317 0.0328286 
0.0380942 0.0372407 0.0689482 0.0290042 0.854547 


4	0 0 0 0 
4 4	1e-06 0 0 0 
0 1e-06 0 0 
0 0 1e-06 0 
0 0 0 1e-06 


4	0 0 0 0 
4 4	1e-06 0 0 0 
0 1e-06 0 0 
0 0 1e-06 0 
0 0 0 1e-06 


4	0 0 0 0 
4 4	1e-06 0 0 0 
0 1e-06 0 0 
0 0 1e-06 0 
0 0 0 1e-06 


4	0 0 0 0 
4 4	1e-06 0 0 0 
0 1e-06 0 0 
0 0 1e-06 0 
0 0 0 1e-06 


4	1 1 0 0 
4 4	1e-06 0 0 0 
0 1e-06 0 0 
0 0 1e-06 0 
0 0 0 1e-06 


4 4	0.999202 0.0362924 -0.325721 0.0839343 
-0.000278684 0.978634 -0.00116105 -0.65787 
0.0187436 0.000698568 0.914854 -0.000763488 
0.000284955 0.0213537 0.00114868 0.657907 

4	0.480546 -0.0163491 0.404322 0.0162664 
4 4	11.6433 -0.0246755 -3.49124 0.0248829 
-0.0246755 0.306243 0.0268893 -0.305219 
-3.49124 0.0268893 5.53852 -0.0270632 
0.0248829 -0.305219 -0.0270632 0.306261 


4 4	0.972658 0.000816702 -0.762271 -0.00700956 
-0.0301545 0.997687 0.795573 -0.464418 
0.0273407 -0.000812962 0.762357 0.00699203 
-0.0363454 0.029353 0.0400546 0.875007 

4	-0.0469232 0.150847 0.0467412 -0.0569612 
4 4	0.981748 -1.28199 -0.980708 0.915398 
-1.28199 28.675 1.28162 -14.9728 
-0.980708 1.28162 0.981757 -0.915236 
0.915398 -14.9728 -0.915236 17.3337 


4 4	0.993287 -0.00725496 -0.436269 -0.0156818 
0.0126062 0.99876 -0.0027003 -0.432136 
0.0353246 -0.000517763 0.886888 -0.0108159 
-0.00197685 0.0315409 -0.00788066 0.876417 

4	-0.422809 0.147092 0.074155 -0.0662881 
4 4	26.7887 1.74817 -11.8575 -0.432994 
1.74817 28.7493 -0.801861 -11.8739 
-11.8575 -0.801861 17.5408 2.01203 
-0.432994 -11.8739 2.01203 17.6089 


4 4	0.985727 -0.00242466 -0.194386 -0.0153672 
0.0118168 0.986936 0.0316092 -0.216336 
0.00340911 -0.00130071 0.939414 0.00114484 
-0.00114961 0.00298941 0.00182043 0.928024 

4	-0.0683153 0.0941667 -0.0327188 0.0355603 
4 4	2.65966 -0.203701 -1.07953 0.0954776 
-0.203701 2.97665 0.106532 -1.24233 
-1.07953 0.106532 1.73891 -0.212693 
0.0954776 -1.24233 -0.212693 1.96187 


4 4	1.02946 -0.011364 4.21086 0.236903 
-0.00140696 0.987454 0.120992 2.96329 
8.18629e-06 -2.4347e-06 1.00006 -5.90223e-05 
-4.25833e-07 1.60052e-05 0.000253182 0.999631 

4	0.0642603 -0.058297 -9.02389e-05 5.8806e-05 
4 4	6.83428 -0.10321 -0.000169338 -0.000345713 
-0.10321 5.95861 0.00039352 0.000225011 
-0.000169338 0.00039352 0.001063 -1.56635e-05 
-0.000345713 0.000225011 -1.56635e-05 0.0011106 



