100	0 0 0 0 0 0 0 0 0 0 0 0 0 0 0 0 0 0 0 0 0 0 0 0 0 0 0 0 0 0 0 0 0 0 0 0 0 0 0 0 0 0 0 0 0 0 0 0 0 0 0 0 0 0 0 0 0 0 0 0 0 0 0 0 0 0 0 0 0 0 0 0 0 0 0 0 0 0 0 0 0 0 0 0 0 0 0 0 0 0 0 0 0 0 0 1 0 0 0 0 

100 100	0.810058 0 0 0.0623403 0 0 0 0 0 0 0 0 0 0 0 0 0 0 0 0 0 0 0 0 0 0 0 0 0 0 0 0.0550823 0 0 0 0 0 0 0 0 0 0 0 0 0 9.72768e-22 0 0 0.0628706 0 0 0 0 0 0 0 0 0 0 0 0.0121458 0 0 0 0 0 0 0 0 0 0 0 0 0 0 0 0 6.18448e-286 0 0 0 0 6.07095e-310 0 0 0 0 0 0 0 0 0 0 0 0 0 0.0127036 0 0 0 
0 0.719117 0 0 0 0 0 0 0 0 0 0 0 0 0 0 0 0 0 0 0 0 0 0 0 0 0 0 0 0.1 0 0 0 0 0 0 0 0 0 0 0 0 0 0 0 0 0 0 0 0 0 0 0 0 0.00668353 0 0 0 0 0 0.00616885 0 0 0 0.00728385 0 0 0 0 0.0385581 0.0571406 0 0 0 0 0 0 0 0 0 0.0330497 0 0 0 0 0 0 0 0 0 0 0 0 0 0 0 0 0 0 0 
0 0 0.755567 0 0 0 0 0 0 0 0 0 0 0 0 0 0 0 0 0 0 0 0 0 0 0 0 0 0 0 0 0 0 0 0 0 0 0 0 0 0 0 0 0 0 0.0391491 0 0 0 0 0 0 0.00283029 0 0 0 0 0 0 0 0 0 0 0 0 0 0 0 0 0 0 0 0 0 0 0 0 0 0 0 0 0 0 0 0 0.358377 0 0 0 0 0 0.0335853 0 0 0 0 0 0 0 0 
0 0 0 0.610134 0 0 0 0 0 4.91644e-212 0 0 0 0 0 0 0 0 0 0 0 0 0 0 0 0 1.7184e-159 0 0 0 0 0 0 0 0 0 0 0 0 0.0312435 0 0 0 0 0 0.00314099 0.00666028 0 0.0314548 0 0 0 0 0 0 6.82284e-305 0 0 0 0 8.70013e-283 0 0 0 0 0 0 0 0 0 0 0 0 0 0 0 0 0.0169003 0 0 0 0 0.0521927 0 0 0.0126153 0 0 0 0 0 0 0 0 0 0 0 0 0 0 
0 0.0147153 0 0 0.867424 0 0 0 0 0 0 0 0 0.00533147 0.0179489 0.0257156 0 0 0 0 0 0 0 0 0 0 0 0 0 0 0 0 0 0 0 0 0 0 0 0 0 0 0.00687318 0 0 1.26962e-136 0 0 0 0 0 0 0 0 4.05744e-86 0 0 0 0 0 0.00406506 0 0 0 0 0 0 0 0 1.32165e-245 0.0811301 0 0 0 0 0 0 0 0 0 0.021262 0 0 0 0 0 0 0 0.0180006 0 0 0 0 0 0.00840951 0 0 0 0 0 
0 0 0 0 0 0.84121 0 0 0 3.17062e-164 0.0163562 0 0 0 2.33208e-95 0 0 0.0273441 0 0 8.5805e-127 0.0122652 0 0 6.61122e-58 0 0 0 0 0 0 0 0 0 0 0 0 0 0 0 0 0 0 1.22114e-103 0 0 0 4.43806e-293 0 0 0 0 0 0 0 0 0 0.00490987 0 0 0 0 0 0 0 0 0 0 0 0 0 0 0 0 0 0 0 0.022213 0.00860559 0 0 0 3.35478e-69 0 0 0 0 0.0213965 0 0 0 0 0.010522 0 0 0 0 0 0 0 
0 0 0 0 0 0 0.794166 0 0 0 0 0 0 0 0 0 0 0 0 0 0 0 0 0 0 0 0 0 0 0 0 0 0.0606239 0 0 0 0 0 0 0 0 0 0 0 0 0 0 0 0 0 0 0 0 0.0555446 6.09832e-281 0 0 0 0 8.91494e-291 0.00809516 0 0 0 0 0 0 0 0 0 0 0 0 0 0 0 0 0 0 0.0106355 0 0 0 0 0 0 0.0978037 0 0 0 5.50538e-15 0 0 0 0 0 0.025388 0 0 0 
0 0 0 0 0 0 0 0.900011 0 0 0 0 0 0 0 0 0 0 0 0 0.0111669 1.4858e-202 0 0 0 0 0 0 0 0 0.00962979 0 0 0 0 0 0.00943097 0 0 0 0 0 0 0 0 0 0 0 0 0 0 0 0 0 0 0 0 0 0 0 0 0 0 0 0 0 0 0 1.17239e-252 0 0 0 0 0 0 0 0 0.0127674 0 0 0 0 0 0 0 0 0 0 0 0 0 0 0 0 0 0 0 0 0 0 
0 0 0 0 0 0 0 0 0 0 0 0.0292216 0 0 0 0.189152 0 0 0 0 0 0 0 0 0 0 0 0 0 0 0 0 0 0 0 0 0 0 0 0 0 0 0 0 0 0 0 0 0 0 0 0 0 0 0 0 0 0 0 0 0.0343638 0 0 0 0 0 0 0 0 0 0 0 0 0 0 0 0 0.00687655 0 0 0.0103801 0 6.24294e-243 0 0 0 0 0 0 0 0 0 0 0 0 0 0 0 0 0 
0 0 0 0 0 0.0150537 0 0 0 0.840065 0.0163449 1.73692e-69 0 0 0.0109333 0 0 7.76122e-301 0 0 0 0.00582982 0 0 0 0 0 0 0 0 0 0 0 0 0 0 0.0291917 0 0 0 0 0 0 0 0 0 0 0 0 0 0 0 0 0 0 0 0 0 0 0 0 0 0 0 3.50851e-154 0 0 0 0.0274058 0 0 0 0.0256557 0 0 0 0 0.00910405 0 0 0 0 0 0 0 0 0 0.00859904 0 0 0 0 0 0 0 0 0 0 0 0 
0 0 0 0 0 0.0074507 0 0 0 0 0.738692 0 0 0 0 0 0 0.0181922 0 0 0.0206951 0 0 0 0 0 0 0 0 0 0 0 0 0 0 0 0 0 1.25934e-273 0 0 0 0 0 0 0 0 0.0148014 0 0 0 0 0.00567105 0 0 0 0 0 0 0 0.016413 0 0 0 0 0 0 0 0 0 0 0 0 0 0 0 0 1.27009e-267 0 0 0 0 0 0 0 0 0 0 0 0 0 0 0 0 0 0 0 0 0 0 
0 0 0 0 0 0 0 0 0 0.00860468 0 0.763206 0 0 0 0.00734927 0 0 0 0 0 3.00323e-178 0 0 0 0 0 0 0 0 0 0.00790229 0 0 0 0 0 0 0.0130744 0 0 0 0 0.0048037 0 0.00172823 0.0066481 0 0.0629762 0 0 0 0 0 0 0.0250746 0 0.00506723 0 0 0.0181743 0 0 0 0 0 0 0 0 0 0 0 0.0381935 6.65784e-111 0 0 7.44543e-109 0.00223872 0 0 0 0 1.97297e-135 0 0.00995635 0.00713378 0 0 0 0 0 0 0 0 0 0 0 0 0 0 
0 0 0 0 0 0 0 0 0 0 0 0 0.898319 0 0 0 0 0 0 0 0 0 0 0.0102114 0.00916783 0 0.0154315 0 0 0 0 0 0 0 0 0 0 0 0.0130646 0 0 0 0 0 0 0 0 0 0 0 0 0 0 0 0 0 0 0 0 0 0 0 0 0 0 0 0 0 0 0 0 0 0 0.00496015 0 0 0 0 0 0 0 0 0 0.00468773 0.00327873 0 0 0 0 0 0 0 0 0 0 0 0 0 0.0305067 0 
0 0 0 0 0.0306347 0 0 0 0 0 0 0 0 0.882951 0 0 0 0 0 0 0 0 0 0 0 0 0 0 0 0 0 0 0 0 0 0 0 0 0 0 0 0 0.0206705 0 0 0 0 0 0 0 0 0 0 0 0 0.0341135 0 0 0 0 0.0101202 0 0 0 0 0 0 0 0 0 0 0 0 0 0.00716943 0 1.11199e-123 6.74946e-120 0 0 0 0 0 0 0 0 0 0 0.0268267 0 0 0 0 0 0 0 0 0 0 0 
0 0 0 0 0 0 0 6.17481e-267 0 0.0104804 0 0 0 0 0.731142 5.95019e-29 0 0 0 0 0 0 0.0200948 0 0 0 0 0 0 0 0 0 0 0 0 0 0 0 0 0 0 0 0 0 0 0 0 0 0 0 0 0 0 0 0 0 0 2.54906e-253 0 0 0 0 0 0 0 0 0 1.67651e-298 9.43564e-226 0 0 0 0 1.23457e-287 0 0 0 0.0603153 0 0 0 0 0 0 0 0 0 0 0 0 0 0 0 0 4.45033e-28 0 0 0 0 0 
0 0 0 0 0.0102625 0 0 0 0 6.05357e-247 0 0 0 0 0 0.652286 0 0 0 0 0 0 0.0634324 0 0.00471879 0 0 0 0 0 0 0 0 0 0 0 0 0 0 0 0 0 0 0.0185523 0 0.00859448 0 0 0 0 0 0 0.00283658 0 0 0 0 0.00669983 0 0 0.0185473 0 0 0 0 0 0 0.0852602 0 0 0.0112474 0 0 1.36593e-241 0 0 0 0 0.0346266 0 0 0 0 0 2.24757e-255 0.00354505 0 0 1.34784e-127 0 0 0.00141677 0 0 0.0410218 0 0 0 0 0 
0 0 0 0 0 0 0 0 0 0 0 0 0 0 0 0 0.848384 0 0 0 0 0 0 0 0 0 0 0 0 0 0.0196281 4.75013e-162 0 0 0 0 0 0.0333618 0.0652838 0 0 0 0 0 0 0 0 0 0 0 0 0 0 0 0 0 0 0 0 0 0.00400993 0 0 0 0 0 0 0 0 0 0 0 0 0 0 0 0 0 0.00878113 0 0 0 0 0 0 0 0 0 0 0 0 0 0 0 0 0 0 0 0 0 
0 0 0 0 0 0 0 0 0 0.0280475 0 0 0 0 0 0 0 0.829444 0 0 0 0 0 0 0 0.0628082 0 0 0 0 0 0 0 0 0.0263633 0 0 0 0 0 0 0 0 0 0 0 0 2.86488e-239 0 0 0 0 0 0 0 0 0 0 0 0 6.14977e-288 0 0 0 0.0399483 0 0 0 0 0 0 0 0 0 0 0 0 0 0 0.0107532 0 0.0453282 5.09474e-306 0 0 0 0 0 0 0 0 0 0.0241778 0 0 0 0 0 0 0 
0 0 0 0 0 0 0 0 0 0 0 0 0 0 0 0 0 0 0.801754 0 0 0 0 0 0 0.286696 0.015013 0 0 0 0 0 0 0 0 0.0432462 0 0 0 0 0 0 0 0 0 0.00157828 0 0 0 0 0 0 0 0 0 0 0 0 0 0 0 0 0 0 0 0 0 0 0 0 0 0 0 0 0 0 0 5.34327e-265 0 0 4.80217e-110 0 0 0 0 0 0 0 0 0 0 0 3.30315e-304 0 0 0 0 0 0 0 
0 0 0 0 0 0 0 0 0 0 0 0 0 0 0 0 0 0 0 0.731864 0 0 0 0 0 0 0 0 0 0 0 0 0.10069 0 0 0 0 0 0 0 0 0 0 0 0 0 0 0 0 0.0332871 0 0 0 0 0 0 0 0 0 0 0.00404288 0 0 0 0 0 0 0 0 0 0 0 0 0 0 0 0 0.00225112 0 0 0 0 0 0 0 0 0 0 0 0 0 0 0 0 0 0 0 0 0 0 
0 0 0 0 0 0 0 0 0 1.36098e-269 0.0632574 0 0 0 0 0.00653888 0 0 0 0 0.647014 0 0 0 0 0 0 0 0 0 8.87159e-236 0 0 0 0 0 0 0 0.0130646 0 0 0 0 0 0 0 0 0 0 0 0 0 1.02181e-146 0 0 0 0 0 0 0 0.0219553 0 0 0 0 0 0 0 0 1.53833e-238 0 0 0 0 0 0 0 0.0313046 0 0 0 0 5.86761e-313 0 0 0 0 0 0 0 0 0 0 0.0454559 0 0 0 1.88664e-104 0 0 
0 0 0 0 0 0.00747795 0 0 0 0.00912278 0 0 0 0 2.69484e-250 0 0 0 0 0 0 0.891913 0 0 0 0 0 0 0 0 0 0 0 0 0 0 0.00942479 0 0 0 0 0 1.64795e-267 2.32315e-300 0 0 0 0 0 0 0 0 0 0 0 0 0 0.0107609 0 0 0.0140471 0 0 0 4.75222e-254 0 0.0610194 0 0 0 0 0 0 0 0 0 0 0 0 0 0 0 0 0 0 0 0 0.0104063 0 0 0 0 0 0 0 0 0 0 0 0 
0 0 0 0 0 0 0 0 0 0 0 0 4.27651e-212 0 0.0251845 0.0354788 0 0 0 0 0 0 0.304718 0 1.70443e-237 0 0 0 0.00795802 0 0 0 0 0 0 0 0 0 0 0 0 0 0.0137492 0.113343 0 0 0 0 0 0 0 0 0 0 0 2.09547e-69 0 0.0056814 0 0 0.0110796 0 0 0 0 0 0 0 0 0 0 0 0 5.64845e-231 0.0143369 0 0 0.01791 8.72725e-128 0 1.66378e-201 0 0 0 4.61735e-150 0.00364823 0 0.0104563 0.0787047 0 0 0 0.00807383 0 0.00514309 0 0 0 0 0 
0 0 0 0 0 0 0 0 0 0 0 0 0 0 0 0 0 0 0 0 0 0 0 0.877486 0 0 0.0450516 0 0 0 0 0 0 0 0 0 0 0 0 0 0 0 0 0 0 0 0 0 0 0 0 0.00630742 0 0 1.55919e-37 0.00791984 0 0 0 0 0.00199143 0 0.0161744 0.0399949 0 0 0 0 0 0 0 0 0 0 0 0 0 0.00224225 0 0 0 0 0 0 0 0 0 0 0 0 0 0 0.00822459 0 0 0 0 0 0.03047 0 
0 0 0 0 0 0 0 0 0 0 0 0 0.0105127 0 0 0 0 0 0 0 0 0 0 0 0.926474 0 0 0 0 0 0 0 0 0 0 0 0 0 0 0 0 0 0 0.00546587 0 0 0 0 0 0 0 6.13305e-179 0 0 0 0 0 0 0 0 0.0119585 0 0 0 0 0 0 0 0 0 0 0 0 0 0 0 0 0 0 0 0 0 0 0.0189747 0.0134365 0 0 0 0 0 0 0 0 0 0 0 0 0 0 0 
0 0 0 0 0 0 0 0 0 0 0 0 0 0 0 0 0 0 6.44463e-105 0 0 0 0 0 0 0.544848 0 0 0 0 0 0 0 0 0 0.126483 0 0 0 0 0 0 0 0 0 1.66477e-115 0 0 0 0 0 0 0 0 0 0 0 0 0 0 0.0101095 0 0 0 8.50837e-120 0 0 0 0 0 0 0 0 0 0 0 0 5.33934e-186 0 0 0.010961 0.0452994 0 0 0 0.00177175 0 0 0 0 0 0 0.0159705 0 0 0 0 0 0 0 
0 0 0 0 0 0 0 0 0 0 0 0 0 0 0 0 0 0 0 0 0 0 0 0 0 0 0.775191 0 0 0 0 0 0 0 0 0 0 0 0 0 0 0 0 0 0 0 0.0199228 0 0 0 0 0 0 0 0 0 0.053998 0 0 0 0 0 0 0 0 0 0 0 0 0.012883 0 0 0 0 0.014402 0 0 0.0110991 0 0 0 0 0 0 0 0 0 0 0 0 0 0 0 0 0 0 0 0 0.0152622 0 
0 0 0 0 0 0 0 0 0 0 0 0 0 0 0 0 0 0 0 0 0 0 0 0.0204347 0 0 0 0.708324 0 0 0 0 0 0 0 0 0 0 0 0 0 0 0 0 0 0 0 0 0 0 0 0 0 0 0 0 0 0 0 0 0.0101035 0 0 0 0 0 0 0 0 0 0 0 0 0 0 0 0 0 0 0 0 0 0 0 0 0 0 0 0 0 0 0 0 0 0 0 0 0 0 0 
0 0 0 0 0 0 0 0 0 0 0 0 0 0 0 0 0 0 0 0 0 0 0 0 0 0 0 0 0.880629 0 0 0 0 0 0 0 0 0 0 0 0 0 0 0 0 3.1243e-188 0 0 0 0 0 0 0 0 0 0 0 0.0106836 0 0 0.0100125 0 0 0 0 0 0 0 0 0 0 0 0 0.00495346 0 0 0 0.00667498 0 0 0 0 0 0.00466406 2.23213e-128 0 0 0 0 0 0 0 0 0 0 0 0.0382093 0 0 0 
0 0.0139567 0 0 0 0 0 0 0 0 0 0 0 0 0 0 0 0 0 0 0 0 0 0 0 0 0 0 0 0.7 0 0 0 0 0 0 0 0 0 0 0 0 0 0 0 0 0 0 0 0 0 0 0 0 0 0 0 0 0 0 0 0 0 0 0 0 0 0 0 0 0.0227195 0 0 0 0 0 0 0 0 0 0 0 0 0 0 0 0 0 0 0 0 0 0 0 0 0 0 0 0 0 
0 0 0 0 0 0 0 0 0 0.00825467 0 0 0 0 0 1.19689e-49 1.95887e-43 0 0 0 0 0 0 0 0 0 0 0 0 0 0.87429 0 0 0 0 0 0 0 0.0392462 0 0 0 0 0 0 0 0 0 0 0 0 0 0 0 0 0 0 0 0 0 0.00217796 0 0 0 0 0 0 0 0.00921817 0 0 0 0 0 0 0 0 0.00447642 0.0255851 0 0 0 0 0 0 0 0 0.0209127 0 0 0 0 0 0 0 0 0 0 0 0 
0.0687395 0 0 0.0159374 0 0 0 0 0 0.00872127 0 0 0 0 0 0 0.0137607 0 0 0 0 0 0 0 0 0 0 0 0 0 0 0.750224 0 0 0 0 0 0 0 0 0.0493635 0 0 0 0 0.0219483 0 0 0 0 0 0 0 0 0 0 0 0 0 0 0.0101079 0 0 0 0 0 0 0 0 0 0 0 0 7.36589e-292 0 0 0 0 0 0 0 0 0 0 0 0.00174795 0 0 0 0 0 0 0 0 0 0 0 0 0 0 
0 0 0 0 0 0 0 0 0 0 0.0163575 0 0 0 0 0 0 0 0 0 0 0 0 0 0 0 0 0 0 0 0 0 0.658872 0 0.0263633 0 0 0 0 0 0 0 0 0 0 0 0 0 0 0 0 0 0 0.0555435 2.4579e-178 0 0 0 0 0 0.00202105 0 0 0 0 0 0 0 0 0 0 0 0 0 0 0 0 0.0109993 0 0 0 0 0 0 0 0 0.0245941 0 0 0 0.113436 0 0 0 0 0 0 0.0221939 0 0 
0 0 0 0 0 0 0 0 0 0 0 0 0 0 0 0 0 0 0 2.54377e-39 0 0 0 0 0 0 0 0 0 0 0 0 0 0.767506 0 0 0 0 0 0 0 0 0 0 0 0 0 0 0 0 0 0 0 0.111083 1.96164e-264 0 0 0 0 0 0.00604604 0 0 0 0 0 0 0 0 0.0127674 0 0 0 0 0 0 0 0.00224889 0 0 0 0 0 0 0 0 0 0 0 0.0128423 0 0 0 0 0 0 0 0 0 0 
0 0 0 0 0 0 0 0 0 0 0 0 0 0 0 0 0 0 0 0 0 0 0 0 0 0.0209284 0 0 0 0 0 0 0 0 0.84182 0.0388086 0 0 0 0 0 0 0 0 0 0 0 0 0 0 0 0 0 0.0277692 0 0 0 0 0 0 0 0 0 0 0 0 0 0 0 0 0 0 0 0 0 0 0 0 0 0 0.00548766 0 0 0 0 0 0 0 0 0 0 0 0 0 0 0 0 0 0 0 
0 0 0 0 0 0 0 0 0 0 0 0 0 0 0 0 0 0 0 0.208562 0 0 0 0 0 1.21325e-119 0 0 0 0 0 0 0 0.0697814 0 0.740906 0 0 0 0 0 0 0 0 0 0.00313406 0 0 0 0 0 0 0 0 0 0 0 0 0 0 6.63222e-246 0 0.0485422 0 0 0 0 0 0 0 0.0113597 0 0 0 0 0 0 6.14187e-266 0.00860559 0 0 0.0226923 0 0 0 0 0 0 0 0 0 0 0.0163803 0 0 0 0 0 0 0 
0 0 0 0 0 0 0 0.0115704 0 0 0 0 0 0 0 0 0 0.0225887 0 0 0 0.0240588 0 0 0 0 0 0 0.0157346 0 0 0 0 0 0 0 0.801507 0 0 0 0 0 0 0 0 0.00469825 0 0 0 0 0 0 0 0 0 0 0 0 0 0 0.00598301 0 0 0 0.00380956 0 0 0.0172237 0 0 0 0 0 0 0 0 0 0.00456381 0 0 0 0 0 0.00967108 0 0 0 0 0 0 0 0 0 0 0 0 0 1.9133e-262 0 0 
0 0 0 0 0 0 0 0 0 0 0 0 0 0 0 0 0.0274684 0 0 0 0 0 0 0 0 0 0 0 0 0 0 0 0 0 0 0 0 0.833194 0.0261292 0 0.0267942 0 0 0 0 0 0 0 0 0 0 0 0 0 0 0 0 0 0 0 0 0 0 0 0 0 0 0 0 0 0 0 0 0 0 0 0 0 0 0 0 0 0 0 0 0 0 0 0 0 0 0 0 0 0 0 0 0 0 0 
0 0 0 0 0 0 0 0 0 0 0.0322622 0.0283145 0 0 0 0 0 0 0 0 0 0 0 0 0 0 0 0 0 0 0 0 0 0 0 0 0 0 0.804008 0 0 0 0 0 0 0 0 0 0 0 0 0 0 0 0 0 0 0 0 0 0.00605789 0 0 0 0 0 0 0 0 0 0 0 0.0391308 0 0 0 0 0.00447714 0 0 0 0 3.50021e-56 0 0 0 0 0 0 0 0 0 0 0 0 0 0 0 0 0.0147059 
0 0 0 0 0 0 0 0 0 0 0 0 0 0 0 0 0 0 0 0 0 0 0 0 0 0 0 0 0 0 0 0 0 0 0 0 0 0 0 0.750044 0 0 0 0 0 0 0 0 0 0 0 0 0 0 0 0 0 0 0 0.00956038 0.0040433 0 0 0 0 0 0 0 0 0 0 0.10541 0 0 0 0 0 0.00447737 0 0 0 0 0 0 0 0 0 0 0 0 0 0 0 0 0 0 0 0 0 0 
0.0663585 0 0 0 0 0 0 0 0 0 0 0 0 0 0 0 0 0 0 0 0 0 0 0 0 0 0 0 0 0 0 0 0 0 0 0 0 0 0 0 0.812071 0 0 0 0 0 0 0 0 0 0 0 0 0 0 0 0 0 0 0 2.612e-53 0 0 0 0 0 0 0 0 0 0 0 0 0 0 0 0 0 0 0 0 0 0 0 0 0 0 0 0 0 0 0 0 0 0 0 0 0 0 0 
0 0 0 0 0 0 0 0 0 0 0 0 0 0 0 0 0 0 0 0 0 0 0 0 0 0 0 0 0 0 0 0 0 0 0 0 0 0 0 0.0312435 0 0.933333 0 0 0 0 0 0 0 0 0 0 0 0 0 0 0 0 0 0 0 0 0 0 0 0 0 0 0 0 0 0 0 0 0 0 0 0 0 0 0 0 0 0 0 0 0 0 0 0 0 0 0 0 0 0 0 0 0 0 
0 0 0 0 0.0152241 0 0 0 0 0 0 0 0 0.0105892 0 0 0 0 0 0 0 0 0 0 0 0 0 0 0 0 0 0 0 0 0 0 0 0 0 0 0 0 0.876213 0 0 0.0125297 0 0 0 0 0 0 0 0 0 0 0 0 0 0 0.00603076 0 0 0 0 0 0 0 0 0 0 0 0 0 0 0 0 0 0 0 2.78002e-310 0 0 0 0 0 0 0 0.0180413 0 0 0 0 0 7.04346e-227 0 0 0 0 0 
0.00946117 0 0 0 0 0.00746156 0 0 0 0 0 0 0 0 0 1.75182e-183 0 0 0 0 0 1.77702e-185 0.036944 0 0.00913244 0 0 0 0 0 0 2.10332e-255 0 0 0 0 0 0 0 0 0 0 0.0137801 0.712348 0 0.0101451 0 0 0 0 0 0 0 0 0 0 0 1.33413e-192 0 0 0.00792787 0 0 0 0.0221822 0 0 0 0 0 0 0 0 0.0649504 0 0 0 0 1.03639e-235 0 0.0433453 0 0 0 0.0258009 0.00195365 0 0 6.25594e-288 0 0 0 0 0 1.91686e-199 0 0 0 0 0 
0 0 0 0 0 0 0 0 0 0 0 0 0 0 0 0 0 0 0 0 0 0 0 0 0 0.0209277 0 0 0 0 0 0 0 0 0 0 0 0 0 0 0 0 0 0 0.833333 0 0 0 0 0 0 0 0 0 0 0 0 0 0 0 0 0 0 0 0 0 0 0 0 0 0 0 0 0 0 0 0 0 0 0 0 0 0 0 0 0 0 0 0 0 0 0 0 0 0 0 0 0 0 0 
1.06027e-177 0 0.0284468 0.0776696 0 0 0 0 0 0 0 1.35973e-54 0 0 0.00904421 0 0 0 0.010413 0 0 0 0.0793605 0 1.53735e-304 0 0 0 0 0 0 0.107349 0 0 0 0 0 0 0 0 0.0314047 0 0.0202605 0.0529251 0 0.797237 0 0 0 0 0.0462553 7.01222e-199 0 0 0 0.0161943 0 0 0 0 0 0 0 0 0 0 0 0 0 0 0 0 0 0.016063 0 0 0 0 0 0 0.0386957 0 0 0 2.99219e-201 0.0187324 0 0 0 0.115933 0 0 0 0 0 0.033065 0 0 0 0 
0 0 0 0 0 0 0 0 0 0 0 0 0 0 0 0 0 0 0 0 0 0 0 0 0 0 0 0 0 0 0 0 0 0 0 0 0 0 0 0 0 0 0 2.31226e-294 0 0 0.813923 0 0 0 0 0 0 0 0.0214047 0 0 0 0 0.0179409 0.00390833 0 0 0 0 0 0 0 0 0 0 0 0 0 1.97629e-273 0 0 0.0401212 0 0 0 0 0 0.00957747 0.00328622 0 0 0 0 0 0 0 0 0 0 0 0 0 0 0 
0 0 0 0 0 0 0 0 0 0 0 0 0 0 0 0 0 6.58107e-128 0 0 0 0 0 0 0 0 0 0.0416661 0 0 0 0 0 0 0 0 0 0 0 0 0 0 0 0 0 0 0 0.792337 0 0 0 0 0 0 0 0 0 0 0.167119 0 0.00404952 0 0 0.0799899 0 0 0 0 0 0 0 0 0 0 0 0 0 0.013605 0 0 0 0 0 0 0 0 0 0 0 0 0 0 0 0 0 0 0 0 0 0 
7.04749e-194 0 0 0 0 0 0 0 0 0 0 0 0 0 0 0 0 0 0 0 0 0 0 0 0 0 0 0 0 0 0 0.00778035 0 0 0 0 0 0 0 0.0312437 0 0 0 0 0 0 7.15087e-214 0 0.657203 0 0 0 0 0 0 0 0 0 0 0 0 0.0266446 0 0 0 0.0435169 0 0 0 0.0127627 0 0 0 0 0 0 1.96434e-145 0.00873971 0 0 0 0 0 0 0 0 0 0 0 0 0 0 0 0 0 0 0 0 0 0 
0 0 0 0 0 0 0 0 0 0 0 0 0 0 0 0 0.013734 0 0 0.0297876 0 0 0 0 0 0 0 0 0 0 0 0 0.0589126 0 0 0 0 0 0 0 0 0 0 0 0 0 0 0 0 0.800445 0 0 0 0 0 0 0 0 0 0 0 0 0 0 0 0 0 0 0 0 0 0 0 0 0 0 0 0.00240053 0 0 0 0 0 0 0 0 0 0 0 0 0 0 0 0 0 0 0 0 0 0 
0 0.0411519 0 0 0 0 0 0 0 0 0 0 0 0.0210064 0 0 0 0 0 0 0 0 0 0 0 0 0 0 0 0 0 0 0 0 0 0 0 0 0 0.0312435 0 0 3.68918e-210 0 0 0.00473784 0 0 0 0 0.793434 0 0 0 0 0 0 0 0 0 0.00598756 0 0 0 0.00727067 0.0217579 1.74008e-196 0 0 0 0 6.72566e-259 0.0128211 0 0 0 0 0 0 7.44662e-298 0.0276935 0 0 0 0 0 0 0 0 0 0 0 0 0 0 0 0 0 0 0 
0.0094631 0 0 0 0 0 0 0 0 0 0 0 0 0 0 0 0 0 0 0 0 0 0 0 0 0 0.0150299 0 0.0396991 0 0 0 0 0 0 0 0 0 0 0 0 0 0 0 0 0 0 0 0 0 0 0.867628 0 0 0.00669773 0 0.0720426 0 0 0 0.00403748 0 0 0 0 0 0 0 0 0 0 0 0 0 0 0 0 0 0 0 0 0 0 0.00936304 0.00654881 0 0 0 0 0 0 0 0.00809574 0 0 0 0.0129108 0 0 0.0147059 
0 0 0 7.55101e-53 0 0.0444834 0.0134673 0.0216543 0 0.051693 0.0348422 0 0 0 0.152161 0 0 0.00920729 0 0 0.264501 0 2.27236e-212 0.0306289 0 0 0.0301953 0 0 0 0 0.0155481 0.0607212 0 0 0 0.0368593 0 0 0 0 0 0 0.0118811 0 0 0.11308 0.103747 0.0912686 0 0 0 0.411822 0 0.0924068 0.00793695 0 0 0.334347 0.0592153 0.0020214 0 0 0 0 0 0 0.0170567 0.152451 0.0990087 0 0 0.0128251 1.75427e-155 0.0512637 0 0 0 0 0 0 0.0231208 0.0729065 0 0 0.00707421 0.0979042 0.0547934 0.0351645 0 0.0453194 0 0.0542926 0 0.0368772 0 0 1.7061e-274 0 0 
0 0 0 0 0 0 0 0 0 0 0 0 0 0 0 0 0 0 0 1.3342e-198 0 0 0 0 0 0 0 0 0 0 0 0 0.0202542 0 0.0263635 0 0 0 0 0 0 0 0 0 0 0 0 0 0 0.132984 0 0 0 0.666743 0 0 0 0 0 0 0.0040427 0 0 0 0 0 0 0 0 0 0 0 0 0 0 0 0 0.00223886 0.0172115 0 0 0 0 0 0 0 0 0 0 0.0128423 0 0 0 0 0 0 0 0 0 0 
0 0 0 0 0 0 0.0256232 0 0 0 0 0 0 0 0 4.41128e-292 0 0 0 0 0 0 0 0 0 0 0 0 0 0 0 0 0 0.0232671 0 0 0.00964311 0 0 0 0 0 0 0 0 0 0.0068693 0 0 0 0 0 0 0 0.798912 0 0 0 0 0.0207583 0.00401457 0 0 0 0 0 0 0.0170528 0 2.96472e-157 0 0 0 0 0 0 0 0.040052 0 0 0 0 0 0.00918984 0 0 0 0 0 0 2.82306e-267 0 0 0 0 0 0 0 0 0 
0 0.0433459 0 8.82392e-309 1.74742e-279 3.60491e-134 0 0 0 0 0 0.0344975 0 0.0335642 0 0 0 0 0 0 0 0.00948651 0 0 2.63495e-147 0 0 0 0 0 0 0 0 0 0 0 0 0 0 0 0 0 0 0 0 0.00156445 0 0 0 0 0.122416 0 0 0 0 0.614571 0 0 0 0 0.00602835 0 0 0 0 0 0 0 0 0 0 0.105408 0 0.00521198 2.09921e-148 0 0.0872202 1.58749e-134 0 0.0421641 2.48115e-91 0 0.0101172 0 0 0 0 0 0 0 0 0 0 0 0 0 0 0 0 0 
0 0 0 0 0 0 0 0 0 0 0 0 0 0 0 0 0 0 0 0 0 0 0 0 0 0 0 0 0 0 0 0 0 0 0 0 0 0 0 0 0 0 0 0 0 0 0 0 0 0 0 0.012616 0 0 0 0 0.729967 0 0 0.0668242 0.0060705 0 0 0 0 0 0 0 0 0 0 0 0 0 0 0 0 2.63679e-254 0 0 0 0 0 0 0 0 0 0 0 0 0 0 0 0 0 0 0.0382368 0 0 0 
0 0 0 0 0 0 0 0 0 4.74951e-115 0 0 0 0 0.00874117 0 0 0 0 0 0 0.0180874 0.0127851 0 1.45996e-181 0 0 0 0.01672 0 0 0 0 0 0 0 0 0 0 0 0 0 0 4.39649e-291 0 0.00312939 0 0 0 0 0 0.00621085 0 0 0 0 0 0.864498 0 0 0.00759501 0 0 0 0 0 6.72859e-180 0 0 0 0 0 0 0 0 0 0 1.14224e-221 0 0 0 0 0 0.00471882 0.0205417 0.00853256 0 0 0 0 0 0 0 0 0 0 0 0 0 0 
0 0 0 0 0 0 0 0 0 0 0 0 0 0 0 0 0 0 0 0 0 0 0 0 0 0 0 0 0 0 0 0 0 0 0 0 0 0 0 0 0 0 0 0 0 0 0 0 0 0 0 0 0 0 0 0 0 0 0.498534 0 0 0 0 0.0399949 0 0 0 0 0 0 0 0 0 0 0 0 0 0.013559 0 0 0 0 0 0 0 0 0 0 0 0 0 0.0014272 0 0 0 0 0 0 0 0 
0 0.0278992 0 0 0 0 0.0513167 0 0 0 0 0 0 0 0 0 0 0 0 0 0 0 0 0 0 0 0 0 0 0 0 0 0 0 0 0 0 0 0 0 0 0 0 0 0 0 0 0 0 0 0 0 0 0 0.0134634 0 0 0 0 0.758151 0.0182018 0 0 0 0 0 0 0 0 0.0415489 0 0 0 0 0 0 0 0.00902626 0 0 0 0 0 0 0 0 0 0 0 0 0 0 0 0 0 0 0.0127243 0 0 0 
0 0 0.160559 0.0652105 0 0 0 0 0 0 0 0.0215303 0 0 0 0.0162775 0 0 0 0 0 0 0.0215822 0 0 0.0209299 0 0.0416654 0 0 0 0.00759929 0 0 0 0 2.61917e-208 0 0 0 0 0 0 0.00876634 0 0.0305373 0 0 0 0 0 0 0.0028415 0 0 0 0 0.0250715 0 0 0.418647 0 0 0 0 0 0.0120817 0.033833 0 0 0 0 0 0 0 0 0 0.0152765 0 0 0 0 0 0.00465062 0 0.032533 0 0 0.0261421 0 0 0.0131577 0 0 0 0.0280413 0 0 0 0 
0 0 0 0 0 0 0 0 0 0 0 0 0 0 0 0 0 0 0 0 0 0 0 0.0102061 0 0 0 0 0 0 0 0 0 0 0 0 0 0 0 0.0937382 0 0 0 0 0 0 0 0 0.0314355 0 0 0 0 0 0 0 0 0 0 0 0.00205827 0.919821 0 0 0 0 0 0 0 0 0 0 0 0 0 0 0 0 0 0 0 0 0 0 0 0 0 0 0 0 0 0 0 0 0 0 0 0 0 0 
0 0 0 0 0 0 0 0 0 0 0 0 0.0101178 0 0 0 0 0.00911941 0 0 0 0 0 0 0 0 0 0 0 0 0 0 0 0 0 0.0129361 0 0 0 0 0 0 0 0 0 0 0 0 0 0 0 0 0 0 0 0 0 0 0 0 0.00808564 0 0.886735 0 0 0 0 0 0 0 0 0 0 0 0 0 0 2.55593e-271 0 0 0 0 0 0 0 0 0 0 0 0 0 0 0 0 0 0 0 0 0 0 
0 0 0 0 0 0 0 0 0 0 0 0 0 0 0 0 0 0 0 0 0 0 0 0 0 0 0 0.125014 0 0 0 0 0 0 0 0 0 0 0 0 0 0 0 0 0 0 0 0 0 0 0 0 0 0 0 0 0 0 0 0 0 0 0 0.84002 0 0 0 0 0 0 0 0 0 0 0 0 0 0.00223771 0 0 0 0 0 0 0 0 0 0 0 0 0 0 0 0 0 0 0 0 0 0 
0 0 0 0 0 0.00747113 0 0 0 0.00684038 0.0327448 0 0 0 0 0 0 0.0293546 0 0 0 0.0236361 0 0 0 1.9629e-83 0 0 0 0 0 0 0 0 0 0 0 0 0 0 0 0 0 0.00551797 0 0 0 0 0 0 0 0 0 0 0 0 0 6.96552e-208 0 0 0.0141839 0 0 0 0.817626 0 0 0 0 0 0 0 7.20829e-284 0 0 0 0 0 0 0.0318666 0.0111665 0 0 0 0 0 0 9.82412e-179 0 0 0 0 0.00823124 0 0 0 0 0 0 0 
0 0 0 0 0 0 0 0 0 0 0 0 0 0 0 0 0 0 0 0 0 0 0 0 0 0 0 0 0 0.1 0 0 0 0 0 0 0 0 0 0 0 0 0 0 0 0 0 0 0 0 0 0 0 0 0 0 0 0 0 0 0 0 0 0 0 0.869449 0 0 0 0 0 0 0 0 0 0 0.0130939 0 0 0.0425386 0 0 0 0 0 0 0 0 0 0 0 0 0 0 0 0 0 0 0 0 
0 0 0 0 0 0 0 0 0 0 0 0 0 0 0 0 0 0.00914937 0 0 0 0.00613195 0 0 0 0 0 0 0 0 0 0 0 0 0 0 0 0 0 0 0 0 0 0 0 0 0 0 0 0 3.63104e-276 0 0 0 0 0 0 0 0 0 0.00403728 0 0 0 0.0581038 0.0217608 0.782487 0 0 0 0 0 0 0 0 0 0 0 0 0.0424932 0 0 0 0 0 0.00177157 0 0 0 0 0 0 0 0 0 0 0 0 0 0 
0 0 0 0 0 0 0 0 0 0.00862301 0 0 0 0 0.0359999 0 0 0 0 0 0 0 3.93748e-121 0 0 0 0 0 0 0 0.00962988 0 0 0 0 0 0.00949676 0 0 0 0 0 0 0 0 2.47106e-241 0 0 0 0 0 0 0 0 0 0 0 0 0 0 0.00604652 0 0 0 0 0 0.0241632 0.761392 0 0 0 0 0 0 0 0 0 1.06664e-42 0 0 0 0 0 0 0 0.00352667 0 0 0 0 0 0 0 0 0 0 0 0 0 0 
0 0 0 0 0 0 0 0.0128902 0 0.00924801 0.0163509 0 0 0 2.01507e-280 0 0 0 0 0 0.0454927 0 0 0 0 0 0 0 0 0 0 0 0 0 0 0 0 0 0 0 0 0 0 0 0 0 0 0 0 0 0 0 0 0 0 0 0 0 0 0 0 0 0 0 0 0 0 0 0.768464 0 0 0 0 0 0 0 0 0.0429871 0 0 0 0 0 0 0 0 0 2.89073e-222 0 0 0 0 0 0 0 0 0 0 0 0 
0 0.0560731 0 0 0 0 0.089709 0 0 0 0 0 0 0 0 0 0 0 0 0 0 0 0 0 0 0 0 0 0 0 0 0 0 0.0928286 0 0 0 0 0 0 0 0 0 0 0 0 0 0 0 0 0 0.00630674 1.21231e-269 0 0 0 1.39967e-117 0 0 0.0291967 0 0 0 0 0 0 0 0 0 0.705906 0.0115119 0 0 0 0 0 0 0.00669201 0 0 0 0 0 0 0 0 0 0 0 0 0 0 0 0 0 0 1.22485e-27 0 0 0 
0 0 0 0 0 0 0 0 0 0 0 0 0 0 0 0.0268374 0 0 0 0 0 0 0 0 0 0 0 0 0 0 0 0 0 3.67388e-310 0 0 0 0 0 0 0 0 0 0 0 0 0 0 0 0 0 0 0 0.0555412 0.020049 0 0 0 0 0 0.00810869 0 0 0 0 0 0 0 0 0.012787 0.804891 0 0 0 0 0 0 2.36022e-45 0.0172112 0 0.00581161 0 0 0 0 0 0 0 0 0 0 0 0 0 0 0 0 0 0 0 
0 0 0 0 0 0 0 0 0 0 0 0 0 0 0 0 0 0 0 0 0 0 0 0 0 0 0 0 0 0 0 0 0 0 0 0 0 0 0 0 0 0 0 0 0 0 0 0 0 0 0 0 0 0 0 0 0.0539846 0 0 1.75719e-295 0 0 0 0 0 0 0 0 0 0 0 0.7183 0 0 0.0359647 0 0 0 0 0 0 0 0 0 0 0 0 0 0 0 0 0 0 0 0 0 0 0 0 0 
0 0 0 0 0 0 0 0 0 0 0.0164373 0.0213924 0 0 0 0 0 0.00912012 0 0 0 0 0 0 0 0 0 0 0 0 0 2.39023e-236 0 0 0 0 0 0 0 0 0 0 0 0 0 0 0 0 0.0313299 0 0 0 0 0 0 0 0 0 0 0 0.00813257 0 0 0 0 0 0 0 0 0 0 0 0.807268 0 0 0 0 0.004465 0 0 0 0 0.0300265 0 0 0 0 0 0 0 0 0 0 0 0 0 0 0 0 0 
0 0 0 0 0 4.24529e-60 0 0 0 0 0 0 0.0202358 0 0 0.00660045 0 0 0 0 0 0 2.83843e-158 0 0 0 0 0 0 0 0 1.13574e-159 0 0 0 0 0 0 0 0 0 0 0 0.0173888 0 0.0157113 0 0 0 0 0 0.00629763 0 0 0 1.12842e-212 0 0 0 0 0.00816137 0 0 0 0 0 0 0 0 0 0 0 0 0.87556 0 0 0 0.00223868 1.4532e-161 0 0 0 0 0 0.00280254 0 0 0 0.0178404 0 0 0 0 0 4.36632e-126 0 0 0 0 0 
0 0 0 0 0.0152266 0 0 0 0 0 0 0 0 0 0 0 0 0 0 0 0 0 0 0 0 0 0 0 0 0 0 0 0 0 0 0 0 0 0 0 0 0 0 0 0 0 2.31707e-312 0 0 0 0 0 0 0 0.00669117 0 0 0 0 0 0.00404278 0 0 0 0 0 0 0 0 0.0383335 0 0.0357454 0 0 0.869655 0 0 0.018272 0 0 0 0 0 0 0 0 0 0 0 0 0 0 0 0 0 0 0 0 0 0 
0 0 0 0 0 0 0 0 0 0 0 0 0 0 0 0 0 0 0 0 0 0 0 0 0 0 0 0 0 0 0 0 0 0 0 0 0 0 0 0 0 0 0 0 0 0 0 0 0 0 0 0 0 0 0 0 0 0 0 0 0.0020214 0 0 0 0 0 0.0120816 0 0 0 0 0 0 0 0 0.905848 0 0 0 0 0 0 0 0 0 0 0 0 0 0 0 0 0 0 0 0 0 0.022185 0 0 
9.92563e-296 0.0558275 0 0 0 0 0 0 0 0 0 0.00711615 0 0.0209872 0 0 0 0 0 0 0 0 0 0 0 0 0 0 0 0.1 0 0 0 0 0 0 0 0 0 0 0 0 0 0 0 0 0.00657737 0 0 0 0 0 0 0 0 0 0 0 0 0 0 0 0 0 0 0 0 0 0 0 0 0 0 0 0 0 0.855961 0 0 0 0 0 0 0 0 0 0 0 0 0 0 0 0 0 0 0 0 0 0 0 
0 0 0 0 0 0 0 0 0 0 0 0 0 0 0 0 0 0 0 0 0.0111308 0 0 1.19216e-273 0 0 0 0 0 0 0 0 0 0 0 0 0 0 0 0 0 0 0 0 0 0 0 0 0 0 0 0 0.0905488 0 0 0 0 0 0 0 0.0380908 0 0 0 0 0 0 0 0 0.0127632 0 0 0 0 0 0 0 0.444699 0 0 0 0 0.41965 0 0 0.00203555 0 0 0 0 0 0.111779 0 0 0 0 0 0 0 0 
0 0 0 0.0156554 0 0 0 0 0 0 0 0 0 0 0 0.0132272 0.0424873 0 0 0 0 0 0 0 0 0 0 0 0 0 0.0868226 0 0 0.0233586 0.0263634 0 0 0.0333611 0 0 0 0 0 0 0 0.00312909 0 0 0 0.0332844 0 0 0 0 0.00668322 0 0 0 0 0 0.0059463 0 0 0 0 0 0 0 0 0 0 0 0 0 0 0 0 0.00225448 0.775537 0 3.21882e-217 0 1.31098e-224 0 0 0 0 0 0 0 0 0 0 0 0 0 0 0 0 0 
0 0 0 0 0 0 0 0 0 0 0 0 0 0 0 0 0 0 0.0515635 0 0 0 0 0 0 0.0428623 0 0 0 0 0 0 0 0 0.0527269 0.012914 0.00940449 0 0 0 0 0 0 0 0.166667 0 0 0 0 0 0.0281775 0 0 0 0 0 0 0 0 0 0 0 0 0 0.0145818 0 0.0117657 0 0 0 0 0 1.77804e-28 0 0 0 0 0 0 0.808811 0 0 0 0 0 0 0 0 0 0 0 0 0 0 0 0 0 0 0 0 
0 0 0 0 0.00507645 0.00746568 0 0 0 0 0 0 0 5.90944e-294 0 0 0 0 0.0738645 0 0 0 2.28097e-213 0 0 2.07536e-103 0 0 0 0 0 0 0 0 0 0.0117701 0 0 0 0 0 0 0.0140751 4.48493e-313 0 0.021664 0 0 0 0 0.0097172 0 0 0 4.41393e-213 0.00791876 0 0 0 0 0.0121344 0 0 0 0.0145966 0 0 0 0 0 0 0 0 0 0 0 0 0.00229702 0 1.17541e-282 0.780877 0 0 0 0 0 0 0 0 0 0 0 0.0240277 0 0 0 0 0 0 0 
0 0 0 0 0 0 0 0 0 0 0 0.00711316 0 0 0 0 0 0 0 0 0 0 0 0.0204122 0 0 0 0.0833307 0 0 0 0 0 0 0 0 0 0 0 0 0 0 0 0 0 0 0 0 0 0 0 0 0 0 0 0 0 0 0 0 0.00404294 0 0 0 0 0 0 0 0 0 0 0.0351367 0 0 0 0 0 0.00223867 0 0 0 0.796026 0 0 0 0 0 0 0 0 0 0 0 0 0 0 0 0 0 0 
0 0 0 0 0 0.00832522 0 0 0 0 3.15441e-201 0 0 0 0 0 0 0.018234 0 0 4.00721e-308 0 0 0 0 0 0 0 0 0 0 0 0 0 0 0 0 0 0 0 0 0 0 3.41844e-289 0 0 3.54853e-186 0.0802432 0 0 0 0 0.119139 0 0.00671535 0 0 0 0 4.51004e-154 8.64311e-271 0 0 0 0 0 0 0 0 0 0 0 1.41168e-312 0 0 0 0 0.0204856 0 0 0 0 0.393437 0 0 0 0 0 0 0 0 0 1.9475e-183 0 0 0 0 0 0 0 
0 0 0 0 0 0 0 0 0 0 0 0 0 0 0 0 0 0 0 0 0 0 0.0108781 0 0 0 0.0150719 0 0.008016 0 0 0 0 0 0 0 0 0 0 0 0 0 0 0 0 0 0 0 0 0 0 0.0190388 0 0 0 0 0 0.01588 0 0 0.0166452 0 0 0 0 0 0 0 0 0 0 0 0 0 0 0 0 0.00689933 0 0 0 0 0 0.90517 1.26092e-109 0 0 0 0 0 0 0 0 0 0 0 0 0 0 0 
0.00946119 0 0 0 0 0 0 0 0 0 0 0 0 0 0 0 0 0 0 0 0 0 0 0 0.00913711 0 0 0 0.00718074 0 0 0 0 0 0 0 0 0 0 0 0 0 0 2.75824e-59 0 0.00310905 3.86822e-244 0 0 0 0 4.94486e-248 0 0 0 0 0 0.0348153 0 0 0.0234211 0 0 0 0 0 0 0 0 0 0 0 0 0.0099937 0 0 0 0.00207913 0 0 0 0 0 0.0193331 0.897352 0 0 0 0 0 0 0 0 0 0 0 0 0 0 0 
0.0169979 0 0 0.153053 0.0152294 0.0308932 0.0257174 0.042393 0 0.0102992 0.0163543 0.00936445 0.0487664 0.00522433 0.00884516 1.42133e-52 0.0541656 0 0.0624051 0 3.74478e-304 0.00859137 0.423286 1.72679e-231 0.0186166 0 0.0890161 0 0 0 9.5343e-167 0.0405081 0.0197571 0.0232588 0 0 0.0286122 0.0333613 0 0.0312435 0.0536011 0.0666669 0.0136647 0.0490079 0 0.00313999 0.0131377 1.71348e-223 0.0314611 0 8.31539e-180 0.069294 0.0343418 0 1.2848e-258 0.253159 0 0.0159326 0 0 0.0272177 0.0535344 0 0 0.0145967 0.0435156 0.096401 0.0681814 0.0424609 0 0 0 0.0128211 0.0129952 0.00720822 0.031384 0.0306321 0.00239915 0.103836 0.0107378 0.0112697 0.0675336 0.0216701 1.24681e-100 0.0104471 0.511478 0 0.0211309 1.51555e-256 0.0257001 0 0 0.0507038 0 0.0162613 0 0 0.110916 0.0152752 0.970588 
0 0 0 0 0 0 0 0 0 0 0 0 0 0 0 0 0 0 0 0 0 0 0 0 0 0 0 0 0 0 0 0 0 0 0 0 0 0 0 0 0 0 0 0 0 0 0 0 0 0 0 0 1.37435e-11 0 0 0 0 0 0 0 0.00809321 0 0 0 0 0 0 0 0 0 0 0 0 0 0 0 0 0.00448582 0 0 0 0 0 0 0 0 0.730742 0 0 0 0.0904352 0 0 0.0454559 0 0 0 0 0 0 
0 0 0 0 0 0.0150066 0 0 0 0 0 0 0 0 0 0 0 0 0 0 2.80347e-246 0 0 0 0 0 0 0 0 0 0 0 0 0 0 0 0 0 0 0 0 0 0 0 0 0 0 0 0 0 0 0 0 0 0 0 0 0 0 0 0.00606093 0 0 0 0 0 0 0 0 0 0 0 0.0128213 0 0 0 0 0.0225775 0 0 0 0 0 0 0 0 0 0.83172 0 0 0 0 0 0 0 0 0 0 0 0 
0 0 0 0 0.0148279 0.00770075 0 0 0 0 0 0 0 0.0152169 0 0 0 0 0 0 0 0 1.28683e-283 0 0 0 0 0 0 0 0 0 0 0 0 0 0 0 0 0 0 0 0.00686486 0 0 3.49666e-231 0.0066505 0 0 0 0 0 0 0 0 0.0331118 0 0 0 0 0.00692515 0 0 0 0 0 0 0 0 0 0 0 0 0 0 0 0 0.00666538 0 0 0 0 0 0 0 0.00519078 0 7.12015e-57 0.757788 0 0 0 0 0 0.0193705 0 0 0 0 0 
0 0 0 0 0 0 0 0 0 0 0 0 0 0 0 0 2.91573e-293 0 0 0.0297869 0 0 0 0 0 0 0 0 0 0 0 0.00800612 0 0 0 0.0129364 0 0.0667223 0 0 0.0267658 0 0 0 0 0.00783014 0 0 0 0 0 0 0 0 0 0 0 0 0 0 0 0 0.0323613 0 0 0 0 0 0 0 0 0 0 0 0 0 0 0 0 0 0 0 0 0 0 0 0 0 0 0.832682 0 0 0 0 0 0 0 0 0 0 
0 0 0 0 0 0 0 0 0 0 0 0.0142262 0 0 0 0 0 0 0 0 0 0 0 0 0 0 0 0 0 0 0 0 0.0201687 0 0 0 0.0564293 0 0 0 0 0 0 0 0 0 0 0 0 0 0 0 0.00283608 0.0277755 0 0 0 0 0 0 0 0 0 0 0 0 0 0 0 0 0 0 0 0 0 0 0 0 0 0 0 0 0 0 0 0 0 0 0 0 0.68271 0 0 0 0 0 0.0127035 0.0445139 0 0 
0 0 0.0554267 0 0 0 0 0 0 0 0 0 0 0 0 0 0 0 0 0 0 0 0 0 0 0 0 0 0 0 0 0 0 0 0 0 0 0 0 0 0 0 0 0 0 0 0 0 0 0 0 0 0.327133 0 0 0 0 0 0 0 0.00162197 0 0 0 0 0 0 0 0 0.0126814 0 0 0 0 0 0 0 0 0 0 0 0 0 0 0 0.0165616 0 0 0 0 0 0.838634 0 0 0 0.054077 0 0 0 0 
0 0 0 0 0 0 0 0 0 0 0 0 0.012048 0 0 0 0 0.0182461 0 0 0 0 0 0.0306206 0.0181976 0 2.96446e-263 0 0 0 0 0 0 0 0 0 0 0 0 0 0 0 0 5.95899e-106 0 0 0.00653084 0.00887113 0 0 0 0.00630059 0 0 0.0202927 0 0 0 0 0 0.00407696 0 0 0 0 0 0 0 0 0 0 0 0 0 0 0 0 0.0189098 0 0 0 0 3.64632e-290 5.13954e-265 0.00654945 0 0 0 0 0 0 0 0.7713 0 0 0 0 0 4.91579e-77 0 
0 0 0 0 0 0 0 0 0 0 0 0 0 0 0 0 0 0 0 0 0 0 0 0 0 0 0 0 0 0 0 0 0 0 0 0 0 0 0 0 0 0 0 0 0 0 0 0 0 0 0 0 0 0 0 0 0 0 0 0 0 0 0 0 0 0 0 0 0 0 0 0 0 0 0 0 0 0 0 0 0 0 0 0 0 0 0.0244779 0 0 0 0 0 0 0.909088 0 0 0 0.022185 0 0 
0 0 0 0 0.0260941 5.57089e-309 0 0 0 0 0 0 0 0.0051288 0 0.0205375 0 0 0 0 0 0 0.0269187 0 0.00455535 0 0 0 0 0 0 0 0 0 0 0 0 0 0 0 0 0 0.0138486 3.40228e-125 0 0.0015636 0 0 0 0 0 0 0 0 0 1.91978e-186 0 0 0 0 0.018441 0 0 0 0 0 0 0 0 0 2.422e-257 0 0 0.00531235 0 0 0 0.00224547 0 0 0 0 0 0 0 0 0 0.0205852 0.0214917 0 0 0 0 0 0.872917 0 0 0 0 0 
0 0 0 0 0 0 0 0 0 0 0 0 0 0 0 0 0 0 0 0 0 0 0 0 0 0 0 0 0 0 0 0 0 0 0 0 0 0 0 0 0 0 0 0 0 0 0 0 0 0 0 0 0 0 0 0 0 0 0 0 0 0 0 0 0 0 0 0 0 0 0 0 0 0 0 0 0 0 0 0 0 0 0 0 0 0.00177156 0 0 0 0 0 0 0 0 0 0.884817 0 0 0 0 
0 0 0 0 0 0 0 0 0 0 0 0 0 0 0 0 0 0 0 0 0 0 0 0 0 0 0 0 0.0240622 0 0 0 0 0 0 0 0 0 0 0 0 0 0 0 0 0 0 0 1.31361e-299 0 0 0 0 0 0 0 0 0 0 0.0383535 4.20765e-257 0 0 0 0 0 0 0 0 0 0 0 0.0128211 0 0 0.062768 0 0.00447354 0 0 0 0 0 0 0 0 0 0 0 0 0 0 0 0 0 0 0.847124 0 0 0 
0 0 0 0 0 0 0 0.0114809 0 0 0 0 0 0 0 0 0 0 0 0 0 0 0 0 0 0 0 0 0 0 0 0 0 0 0 0 0 0 0.0261292 0 0 0 0 0 0 0 0 0 0 0 0 0 0 0 0 0 0 0 0 0 0 0 0 0 0 0 0 0 0 0 0 0 0.0256424 0 0 0 0 0.00223872 0 0 0 0 0 0 0 0 0.0244779 0 0 0 0.0680997 0 0 0 0 0 0 0.778006 0 0 
0 0 0 0 0 0 0 0 0 0 0 0 0 0 0 0 0 0 0 0 0 0 0 2.60058e-150 0 0 0 0 0 0 0 0 0 0 0 0 0 0 0 0 0 0 0 0 0 0 0 0 0 0 0 0 0 0 0 0 0.0900082 0 0 0 0 0 0.0161873 0 0 0 0 0 0 0 0 0 0 0 0 0 0 0 0 0 0 0 0 0 0 0 0 0 0 0 0 0 0 0 0 0 0 0 0.908486 0 
0.00946105 0.0279134 0 0 0 0 0 0 1 0 0 0.0640173 0 0 0 0 0 0 0 0 0 0 0 0 0 0 0 0 0 0 0 0 0 0 0 0 0 0 0 0 0 0 0 0 0 0 0 0 0 0 0 0 0 0 0 0 0 0 0 0 0 0 0 0 0 0 0 0 0 0 0 0 0 0 0 0 0.0130928 0 0 0 0 0 0 0 0 0 0 0 0 0 0 0 0 0 0 0 0 0 0 0 


12	-4.49488 40.9449 -0.958425 13.6901 -0.847355 14.3228 -0.838303 14.2036 -0.662381 12.9909 -0.643338 11.3824 
12 12	105.711 89.5711 4.00814 -13.8021 0.133289 -14.4064 -2.09621 -19.2505 -3.84234 -24.4925 -3.3879 -22.9026 
89.5711 1161.74 -9.91412 89.4706 -11.5244 33.976 -10.6043 -39.3017 -9.26496 -76.4535 -6.4135 -67.108 
4.00814 -9.91412 6.54766 -6.82345 4.93518 -1.8543 3.86877 3.01544 3.25084 4.00957 2.93677 3.21366 
-13.8021 89.4706 -6.82345 81.4747 -4.63173 55.5741 -3.3737 18.0058 -1.60025 -16.0786 -1.23481 -30.2763 
0.133289 -11.5244 4.93518 -4.63173 5.99568 -3.29376 4.97025 0.567294 3.82733 3.66342 3.3729 3.15758 
-14.4064 33.976 -1.8543 55.5741 -3.29376 59.445 -2.35744 36.3415 -0.362787 6.04566 0.527239 -13.5057 
-2.09621 -10.6043 3.86877 -3.3737 4.97025 -2.35744 5.96584 -0.828754 4.48177 2.20414 3.88096 3.17804 
-19.2505 -39.3017 3.01544 18.0058 0.567294 36.3415 -0.828754 49.3075 -0.19902 35.1989 0.756681 15.766 
-3.84234 -9.26496 3.25084 -1.60025 3.82733 -0.362787 4.48177 -0.19902 5.31561 -0.619114 4.3605 0.533698 
-24.4925 -76.4535 4.00957 -16.0786 3.66342 6.04566 2.20414 35.1989 -0.619114 59.6201 0.0998262 47.3359 
-3.3879 -6.4135 2.93677 -1.23481 3.3729 0.527239 3.88096 0.756681 4.3605 0.0998262 5.0726 -1.25609 
-22.9026 -67.108 3.21366 -30.2763 3.15758 -13.5057 3.17804 15.766 0.533698 47.3359 -1.25609 62.3924 


12	3.68832 9.98325 -7.60331 -7.94131 -7.93746 -8.22346 -7.80934 -8.53335 -7.37094 -8.56756 -7.41094 -8.33922 
12 12	92.159 -17.3419 -28.3341 -21.2582 -26.8769 -9.9916 -22.4832 -0.429749 -13.0672 9.80475 -9.64951 7.58567 
-17.3419 105.243 22.6872 -15.1833 28.3813 -9.41375 19.8482 -1.23588 14.0946 5.14587 5.3432 0.0470113 
-28.3341 22.6872 39.9519 19.7476 30.9215 5.93264 24.4667 -1.01509 20.1383 -2.1105 18.3957 4.62666 
-21.2582 -15.1833 19.7476 37.6541 9.26129 15.9952 6.2782 0.258508 5.30896 -4.02113 9.06793 7.0653 
-26.8769 28.3813 30.9215 9.26129 38.3476 9.73473 28.6741 -1.03935 24.5326 -1.28615 22.1809 3.18241 
-9.9916 -9.41375 5.93264 15.9952 9.73473 20.4967 2.73281 1.78539 3.33841 -1.98869 7.53785 3.36793 
-22.4832 19.8482 24.4667 6.2782 28.6741 2.73281 32.191 5.61716 25.848 2.05806 22.3134 4.17347 
-0.429749 -1.23588 -1.01509 0.258508 -1.03935 1.78539 5.61716 12.8616 1.97443 5.4383 5.09203 5.78191 
-13.0672 14.0946 20.1383 5.30896 24.5326 3.33841 25.848 1.97443 30.8035 10.212 27.847 10.3837 
9.80475 5.14587 -2.1105 -4.02113 -1.28615 -1.98869 2.05806 5.4383 10.212 20.8229 10.6519 15.589 
-9.64951 5.3432 18.3957 9.06793 22.1809 7.53785 22.3134 5.09203 27.847 10.6519 38.5055 23.1828 
7.58567 0.0470113 4.62666 7.0653 3.18241 3.36793 4.17347 5.78191 10.3837 15.589 23.1828 31.835 


12	-5.11797 0.858751 0.0758698 -0.0110217 0.0758699 -0.0110217 0.0758733 -0.0110217 0.0758743 -0.0110217 0.0758652 -0.0110175 
12 12	1085.03 66.2518 1.95353 -0.795235 1.95353 -0.795234 1.95348 -0.795234 1.95347 -0.795234 1.95346 -0.795212 
66.2518 1023.68 -0.0810885 1.99022 -0.081086 1.99022 -0.0811272 1.99022 -0.0811403 1.99022 -0.0810964 1.99019 
1.95353 -0.0810885 0.284296 -0.013629 0.284295 -0.013629 0.284294 -0.013629 0.284293 -0.013629 0.284294 -0.013629 
-0.795235 1.99022 -0.013629 0.27006 -0.013629 0.270059 -0.013629 0.270059 -0.013629 0.270059 -0.0136282 0.270058 
1.95353 -0.081086 0.284295 -0.013629 0.284296 -0.013629 0.284294 -0.013629 0.284293 -0.013629 0.284294 -0.013629 
-0.795234 1.99022 -0.013629 0.270059 -0.013629 0.27006 -0.013629 0.270059 -0.013629 0.270059 -0.0136282 0.270058 
1.95348 -0.0811272 0.284294 -0.013629 0.284294 -0.013629 0.284293 -0.013629 0.284292 -0.013629 0.284293 -0.013629 
-0.795234 1.99022 -0.013629 0.270059 -0.013629 0.270059 -0.013629 0.27006 -0.013629 0.270059 -0.0136282 0.270058 
1.95347 -0.0811403 0.284293 -0.013629 0.284293 -0.013629 0.284292 -0.013629 0.284292 -0.013629 0.284292 -0.013629 
-0.795234 1.99022 -0.013629 0.270059 -0.013629 0.270059 -0.013629 0.270059 -0.013629 0.27006 -0.0136282 0.270058 
1.95346 -0.0810964 0.284294 -0.0136282 0.284294 -0.0136282 0.284293 -0.0136282 0.284292 -0.0136282 0.284295 -0.0136282 
-0.795212 1.99019 -0.013629 0.270058 -0.013629 0.270058 -0.013629 0.270058 -0.013629 0.270058 -0.0136282 0.270057 


12	-3.5343 58.7792 -0.261162 3.11175 -0.0885968 1.58135 0.15283 1.04146 0.533287 0.823673 0.913438 0.604905 
12 12	125.339 -241.597 0.583501 -21.3068 -2.97258 -7.23669 -11.1809 -3.84198 -22.9598 -4.44428 -34.8248 -4.15385 
-241.597 2232.55 -5.74832 137.62 -1.41611 52.7165 2.69389 25.1735 4.25911 18.9523 14.3362 15.2468 
0.583501 -5.74832 0.49685 -1.13392 0.456166 -0.494237 0.91062 -0.206729 1.23013 -0.136042 1.27573 -0.103741 
-21.3068 137.62 -1.13392 27.4934 -0.354805 9.00636 -0.31362 2.57827 -0.87826 2.07094 0.154713 1.90061 
-2.97258 -1.41611 0.456166 -0.354805 1.00187 -0.15952 2.04635 0.0294149 3.12355 0.15235 3.22629 0.0531396 
-7.23669 52.7165 -0.494237 9.00636 -0.15952 4.30276 -0.0778341 1.80088 -0.445047 1.28313 -0.656915 1.03922 
-11.1809 2.69389 0.91062 -0.31362 2.04635 -0.0778341 5.17015 0.365764 8.12237 0.618981 8.8349 0.366313 
-3.84198 25.1735 -0.206729 2.57827 0.0294149 1.80088 0.365764 1.92878 0.454187 1.33534 0.290974 0.97945 
-22.9598 4.25911 1.23013 -0.87826 3.12355 -0.445047 8.12237 0.454187 14.5766 1.08377 17.0126 0.854278 
-4.44428 18.9523 -0.136042 2.07094 0.15235 1.28313 0.618981 1.33534 1.08377 1.67174 1.29603 1.16952 
-34.8248 14.3362 1.27573 0.154713 3.22629 -0.656915 8.8349 0.290974 17.0126 1.29603 23.4624 1.36752 
-4.15385 15.2468 -0.103741 1.90061 0.0531396 1.03922 0.366313 0.97945 0.854278 1.16952 1.36752 1.49534 


12	-4.54884 3.38643 -3.50149 -3.82662 -3.55598 -3.90004 -3.67765 -4.04129 -3.81813 -4.1709 -3.91215 -4.318 
12 12	48.5695 26.5796 -4.32576 -1.53442 -4.74319 -1.68438 -4.51003 -1.83237 -2.74835 -1.13062 -0.964117 -0.393884 
26.5796 46.8976 -0.869861 -0.839469 -0.821094 -0.748694 0.15926 -0.232727 2.23516 1.05283 4.15059 2.24985 
-4.32576 -0.869861 3.30826 2.65421 2.2303 2.17988 1.45182 1.5361 0.787305 0.719922 0.245967 -0.0219025 
-1.53442 -0.839469 2.65421 4.19296 1.91121 2.85512 1.07141 1.82729 0.469876 0.782815 0.167066 -0.0087504 
-4.74319 -0.821094 2.2303 1.91121 3.07459 2.33802 2.11685 1.91482 1.56739 1.39872 0.936237 0.716221 
-1.68438 -0.748694 2.17988 2.85512 2.33802 3.89096 1.72609 2.47998 1.07022 1.62319 0.58879 0.657658 
-4.51003 0.15926 1.45182 1.07141 2.11685 1.72609 3.16355 2.16564 2.5211 1.99536 2.03284 1.61162 
-1.83237 -0.232727 1.5361 1.82729 1.91482 2.47998 2.16564 3.52833 1.73813 2.38843 1.20714 1.71263 
-2.74835 2.23516 0.787305 0.469876 1.56739 1.07022 2.5211 1.73813 4.11602 2.69701 3.63641 2.73407 
-1.13062 1.05283 0.719922 0.782815 1.39872 1.62319 1.99536 2.38843 2.69701 4.04849 2.44352 3.16591 
-0.964117 4.15059 0.245967 0.167066 0.936237 0.58879 2.03284 1.20714 3.63641 2.44352 5.41988 3.6187 
-0.393884 2.24985 -0.0219025 -0.0087504 0.716221 0.657658 1.61162 1.71263 2.73407 3.16591 3.6187 5.13116 


12	0.803258 -3.52873 5.23342 -1.029 5.46994 -1.10172 5.60875 -1.11817 5.69414 -1.18737 5.58037 -1.16034 
12 12	51.418 9.78861 -2.44359 1.11645 -3.67063 1.01448 -4.25155 0.868172 -6.00435 1.22395 -7.51532 1.80759 
9.78861 44.9043 -1.00882 7.80616 0.241125 7.126 1.38409 5.66581 1.74793 4.29996 2.23927 3.15563 
-2.44359 -1.00882 11.2597 -1.28985 9.62412 -1.76817 8.00625 -1.74335 6.45905 -1.33928 4.32342 -0.958537 
1.11645 7.80616 -1.28985 2.53965 -0.757442 2.24069 -0.414048 1.80005 -0.487213 1.49019 -0.304959 1.12366 
-3.67063 0.241125 9.62412 -0.757442 10.6493 -1.35564 8.83479 -1.49089 7.38304 -1.12807 5.48711 -0.774977 
1.01448 7.126 -1.76817 2.24069 -1.35564 2.66769 -0.880214 2.1166 -0.74223 1.66636 -0.650876 1.30415 
-4.25155 1.38409 8.00625 -0.414048 8.83479 -0.880214 9.80041 -1.16495 8.30157 -0.981257 6.63174 -0.69759 
0.868172 5.66581 -1.74335 1.80005 -1.49089 2.1166 -1.16495 2.41856 -0.962707 1.86658 -0.718566 1.41245 
-6.00435 1.74793 6.45905 -0.487213 7.38304 -0.74223 8.30157 -0.962707 9.58422 -1.02279 7.9403 -0.75032 
1.22395 4.29996 -1.33928 1.49019 -1.12807 1.66636 -0.981257 1.86658 -1.02279 2.15674 -0.785761 1.60652 
-7.51532 2.23927 4.32342 -0.304959 5.48711 -0.650876 6.63174 -0.718566 7.9403 -0.785761 9.05374 -0.851614 
1.80759 3.15563 -0.958537 1.12366 -0.774977 1.30415 -0.69759 1.41245 -0.75032 1.60652 -0.851614 1.85616 


12	-47.674 -4.50978 -17.0465 -0.514085 -17.4895 -0.266614 -16.5059 -0.0702075 -13.9897 -0.0940881 -11.3531 -0.192695 
12 12	375.233 -27.3179 5.35925 -6.96559 -23.7019 2.1752 -63.5237 12.2806 -61.6455 13.4215 -35.606 12.1939 
-27.3179 107.984 -14.5364 -14.8714 0.0806197 -18.1108 14.8486 -22.8202 14.4008 -24.4145 5.71323 -23.2284 
5.35925 -14.5364 82.1021 -13.8362 67.5068 -10.6191 39.4162 -3.28547 9.18009 2.04236 -9.11926 2.65855 
-6.96559 -14.8714 -13.8362 14.5065 -13.9331 13.3124 -9.72893 8.81063 -4.52174 5.39779 -1.4984 2.99739 
-23.7019 0.0806197 67.5068 -13.9331 90.0775 -15.855 67.454 -9.33515 37.9144 -1.24155 13.0721 1.44113 
2.1752 -18.1108 -10.6191 13.3124 -15.855 17.5802 -14.0397 14.4848 -8.11364 10.1432 -2.92345 7.2456 
-63.5237 14.8486 39.4162 -9.72893 67.454 -14.0397 94.6162 -16.2311 73.2543 -8.63399 46.0732 -2.87811 
12.2806 -22.8202 -3.28547 8.81063 -9.33515 14.4848 -16.2311 19.5493 -13.332 17.6251 -6.03215 14.1793 
-61.6455 14.4008 9.18009 -4.52174 37.9144 -8.11364 73.2543 -13.332 90.2941 -11.0558 73.6275 -6.5036 
13.4215 -24.4145 2.04236 5.39779 -1.24155 10.1432 -8.63399 17.6251 -11.0558 23.1015 -7.97545 22.0765 
-35.606 5.71323 -9.11926 -1.4984 13.0721 -2.92345 46.0732 -6.03215 73.6275 -7.97545 89.8044 -7.11228 
12.1939 -23.2284 2.65855 2.99739 1.44113 7.2456 -2.87811 14.1793 -6.5036 22.0765 -7.11228 27.3905 


12	-62.6971 -9.10422 4.88412 0.214881 5.39957 0.194235 5.73626 0.170887 5.88493 0.16437 5.95158 0.175477 
12 12	137.785 145.946 -3.98435 -10.077 -3.98795 -10.5117 -2.99187 -11.5652 -1.47174 -11.9663 -3.14113 -11.7155 
145.946 220.52 -1.08991 -14.4986 0.0330844 -15.2132 0.82059 -16.0537 2.56512 -16.6493 2.04282 -16.9435 
-3.98435 -1.08991 8.44031 0.151559 6.7865 0.426767 4.93519 0.36765 3.52558 0.160374 2.82885 -0.0450306 
-10.077 -14.4986 0.151559 1.40688 0.307992 1.16303 0.49363 1.10834 0.305214 1.15081 0.423335 1.08611 
-3.98795 0.0330844 6.7865 0.307992 8.14978 -0.0272449 5.86688 0.387738 3.82697 0.243498 3.10451 -0.146525 
-10.5117 -15.2132 0.426767 1.16303 -0.0272449 1.41721 0.112055 1.19951 0.118826 1.15153 0.120728 1.19534 
-2.99187 0.82059 4.93519 0.49363 5.86688 0.112055 6.98991 -0.192301 4.38177 0.277697 3.01096 -0.0315509 
-11.5652 -16.0537 0.36765 1.10834 0.387738 1.19951 -0.192301 1.54395 -0.0453139 1.2641 0.152492 1.22649 
-1.47174 2.56512 3.52558 0.305214 3.82697 0.118826 4.38177 -0.0453139 4.92392 -0.379026 3.3751 -0.0615285 
