5 18

0.123163
18	1.28194e-07 2.06828e-07 -1.36112e-07 4.63874e-07 6.58374e-08 2.37311e-08 6.58375e-08 2.37311e-08 6.58375e-08 2.37311e-08 6.58375e-08 2.3731e-08 6.62133e-08 2.31673e-08 9.50359e-08 2.63363e-07 -2.41764e-07 4.10231e-07 
18 18	0.826257 -2.24653e-07 0.117126 5.91236e-07 0.0055269 -1.84409e-07 0.0055266 -1.8441e-07 0.00552653 -1.8441e-07 0.00552757 -1.8441e-07 0.003391 -1.81987e-07 0.843784 -8.1957e-08 0.113631 7.95084e-07 
-2.24653e-07 0.826258 8.288e-07 0.117129 -2.17222e-07 0.00552706 -2.17222e-07 0.00552676 -2.17222e-07 0.00552669 -2.17223e-07 0.00552773 -2.15157e-07 0.00339116 -4.76665e-08 0.843786 1.08065e-06 0.113634 
0.117126 8.288e-07 0.659601 3.84647e-06 0.0350474 -9.58962e-08 0.0350474 -9.58962e-08 0.0350476 -9.58962e-08 0.0350478 -9.58961e-08 0.0360011 -9.59423e-08 0.181864 1.28378e-06 0.660201 3.85905e-06 
5.91236e-07 0.117129 3.84647e-06 0.659604 -1.80742e-07 0.035048 -1.80742e-07 0.0350481 -1.80742e-07 0.0350482 -1.80742e-07 0.0350484 -1.80948e-07 0.0360018 1.06726e-06 0.181867 4.02072e-06 0.660202 
0.0055269 -2.17222e-07 0.0350474 -1.80742e-07 0.00536428 -5.06036e-08 0.00536431 -5.06036e-08 0.00536436 -5.06036e-08 0.00536452 -5.06036e-08 0.00531287 -5.06557e-08 0.00845442 -2.25056e-07 0.0347344 -1.27408e-07 
-1.84409e-07 0.00552706 -9.58962e-08 0.035048 -5.06036e-08 0.00536425 -5.06036e-08 0.00536428 -5.06036e-08 0.00536433 -5.06036e-08 0.00536449 -5.06587e-08 0.00531284 -1.8169e-07 0.00845466 -4.34681e-08 0.034735 
0.0055266 -2.17222e-07 0.0350474 -1.80742e-07 0.00536431 -5.06036e-08 0.00536535 -5.06036e-08 0.00536446 -5.06036e-08 0.00536461 -5.06036e-08 0.00531309 -5.06556e-08 0.00845426 -2.25057e-07 0.0347344 -1.27413e-07 
-1.8441e-07 0.00552676 -9.58962e-08 0.0350481 -5.06036e-08 0.00536428 -5.06036e-08 0.00536531 -5.06036e-08 0.00536443 -5.06036e-08 0.00536458 -5.06586e-08 0.00531306 -1.81691e-07 0.0084545 -4.34722e-08 0.034735 
0.00552653 -2.17222e-07 0.0350476 -1.80742e-07 0.00536436 -5.06036e-08 0.00536446 -5.06036e-08 0.00536545 -5.06036e-08 0.00536464 -5.06036e-08 0.00531412 -5.06552e-08 0.00845422 -2.25058e-07 0.0347342 -1.27428e-07 
-1.8441e-07 0.00552669 -9.58962e-08 0.0350482 -5.06036e-08 0.00536433 -5.06036e-08 0.00536443 -5.06036e-08 0.00536542 -5.06036e-08 0.00536461 -5.06583e-08 0.00531409 -1.81693e-07 0.00845446 -4.3485e-08 0.0347348 
0.00552757 -2.17223e-07 0.0350478 -1.80742e-07 0.00536452 -5.06036e-08 0.00536461 -5.06036e-08 0.00536464 -5.06036e-08 0.00536576 -5.06036e-08 0.00531406 -5.06555e-08 0.00845561 -2.25058e-07 0.0347342 -1.27417e-07 
-1.8441e-07 0.00552773 -9.58961e-08 0.0350484 -5.06036e-08 0.00536449 -5.06036e-08 0.00536458 -5.06036e-08 0.00536461 -5.06036e-08 0.00536573 -5.06586e-08 0.00531403 -1.81693e-07 0.00845585 -4.34765e-08 0.0347349 
0.003391 -2.15157e-07 0.0360011 -1.80948e-07 0.00531287 -5.06587e-08 0.00531309 -5.06586e-08 0.00531412 -5.06583e-08 0.00531406 -5.06586e-08 0.00599322 -5.08915e-08 0.00649656 -2.23003e-07 0.035646 -1.27546e-07 
-1.81987e-07 0.00339116 -9.59423e-08 0.0360018 -5.06557e-08 0.00531284 -5.06556e-08 0.00531306 -5.06552e-08 0.00531409 -5.06555e-08 0.00531403 -5.08915e-08 0.00599319 -1.79186e-07 0.00649681 -4.36351e-08 0.0356467 
0.843784 -4.76665e-08 0.181864 1.06726e-06 0.00845442 -1.8169e-07 0.00845426 -1.81691e-07 0.00845422 -1.81693e-07 0.00845561 -1.81693e-07 0.00649656 -1.79186e-07 0.870909 1.40609e-07 0.177589 1.25142e-06 
-8.1957e-08 0.843786 1.28378e-06 0.181867 -2.25056e-07 0.00845466 -2.25057e-07 0.0084545 -2.25058e-07 0.00845446 -2.25058e-07 0.00845585 -2.23003e-07 0.00649681 1.40609e-07 0.870911 1.53695e-06 0.177591 
0.113631 1.08065e-06 0.660201 4.02072e-06 0.0347344 -4.34681e-08 0.0347344 -4.34722e-08 0.0347342 -4.3485e-08 0.0347342 -4.34765e-08 0.035646 -4.36351e-08 0.177589 1.53695e-06 0.663033 3.93176e-06 
7.95084e-07 0.113634 3.85905e-06 0.660202 -1.27408e-07 0.034735 -1.27413e-07 0.034735 -1.27428e-07 0.0347348 -1.27417e-07 0.0347349 -1.27546e-07 0.0356467 1.25142e-06 0.177591 3.93176e-06 0.663033 


0.143913
18	-0.000174667 0.000539825 0.000684908 -0.000231139 1.54312e-05 4.46892e-06 1.41137e-05 6.66551e-06 1.42502e-05 6.26175e-06 1.53048e-05 3.80793e-06 1.6541e-05 3.84612e-06 1.04645e-05 6.198e-06 0.00202582 0.000883969 
18 18	1.45454 0.00144931 0.26897 0.000920743 0.291332 0.000273529 0.145775 0.000272305 0.020306 0.000267763 -0.0734304 0.000269582 -0.137192 0.000133845 1.41636 0.00101728 0.223705 -0.00043861 
0.00144931 1.45463 0.000932509 0.268907 0.00027309 0.291302 0.000271514 0.145745 0.000266861 0.0202765 0.000269203 -0.0734576 0.000132475 -0.137216 0.00101634 1.41642 -0.000173988 0.222402 
0.26897 0.000932509 1.87072 0.000494655 1.31408 0.000255295 1.29695 0.00024833 1.2753 0.000247371 1.23689 0.000242025 1.18221 0.00015872 0.285836 0.000549407 1.81748 0.000550962 
0.000920743 0.268907 0.000494655 1.87071 0.000256853 1.31418 0.00024997 1.29704 0.000248684 1.27539 0.000242896 1.23697 0.00015917 1.1823 0.00055019 0.285826 0.000724158 1.81806 
0.291332 0.00027309 1.31408 0.000256853 2.09349 0.000131352 1.92968 0.000120318 1.7415 0.000117051 1.55389 0.000110389 1.37911 8.02315e-05 0.153124 0.000186354 1.19926 0.000258276 
0.000273529 0.291302 0.000255295 1.31418 0.000131352 2.0936 0.000120621 1.92977 0.000117339 1.74158 0.000110645 1.55397 8.06647e-05 1.37918 0.000186858 0.153092 0.000256383 1.19936 
0.145775 0.000271514 1.29695 0.00024997 1.92968 0.000120621 2.1732 0.000120345 2.00206 0.000115942 1.80253 0.000110033 1.61026 8.02236e-05 0.0397559 0.000185353 1.17264 0.000251473 
0.000272305 0.145745 0.00024833 1.29704 0.000120318 1.92977 0.000120345 2.17328 0.000116001 2.00213 0.000109948 1.8026 8.02673e-05 1.61033 0.000186191 0.0397245 0.000249586 1.17272 
0.020306 0.000266861 1.2753 0.000248684 1.7415 0.000117339 2.00206 0.000116001 2.25004 0.000116334 2.07283 0.000108791 1.87189 7.80778e-05 -0.0559105 0.000181248 1.14298 0.000250588 
0.000267763 0.0202765 0.000247371 1.27539 0.000117051 1.74158 0.000115942 2.00213 0.000116334 2.25011 0.000108647 2.0729 7.81144e-05 1.87196 0.000182176 -0.0559403 0.000249061 1.14307 
-0.0734304 0.000269203 1.23689 0.000242896 1.55389 0.000110645 1.80253 0.000109948 2.07283 0.000108647 2.31661 0.000107581 2.13608 7.68399e-05 -0.123127 0.000184155 1.09706 0.000245134 
0.000269582 -0.0734576 0.000242025 1.23697 0.000110389 1.55397 0.000110033 1.8026 0.000108791 2.0729 0.000107581 2.31668 7.71197e-05 2.13615 0.000184524 -0.123154 0.000244054 1.09714 
-0.137192 0.000132475 1.18221 0.00015917 1.37911 8.06647e-05 1.61026 8.02673e-05 1.87189 7.81144e-05 2.13608 7.71197e-05 2.37818 6.36902e-05 -0.172851 8.67522e-05 1.03624 0.000161984 
0.000133845 -0.137216 0.00015872 1.1823 8.02315e-05 1.37918 8.02236e-05 1.61033 7.80778e-05 1.87196 7.68399e-05 2.13615 6.36902e-05 2.37826 8.79143e-05 -0.172875 0.000161342 1.03633 
1.41636 0.00101634 0.285836 0.00055019 0.153124 0.000186858 0.0397559 0.000186191 -0.0559105 0.000182176 -0.123127 0.000184524 -0.172851 8.79143e-05 1.4146 0.000706001 0.238935 0.000555509 
0.00101728 1.41642 0.000549407 0.285826 0.000186354 0.153092 0.000185353 0.0397245 0.000181248 -0.0559403 0.000184155 -0.123154 8.67522e-05 -0.172875 0.000706001 1.41466 0.000541253 0.238911 
0.223705 -0.000173988 1.81748 0.000724158 1.19926 0.000256383 1.17264 0.000249586 1.14298 0.000249061 1.09706 0.000244054 1.03624 0.000161342 0.238935 0.000541253 1.92268 0.000127112 
-0.00043861 0.222402 0.000550962 1.81806 0.000258276 1.19936 0.000251473 1.17272 0.000250588 1.14307 0.000245134 1.09714 0.000161984 1.03633 0.000555509 0.238911 0.000127112 1.92161 


0.172317
18	3.19451e-06 -4.5301e-06 1.95187e-06 -2.58255e-06 6.85061e-07 -1.59598e-06 6.55921e-07 -1.41498e-06 7.4319e-07 -1.82114e-06 7.52364e-07 -1.84644e-06 5.45561e-07 -1.90809e-06 2.11773e-06 -3.0436e-06 1.95136e-06 -2.57991e-06 
18 18	1.86755 -0.00125089 0.411378 -0.000673856 0.224196 -0.000219165 0.0154532 -0.000218948 -0.136967 -0.000213379 -0.242524 -0.000211746 -0.305447 -9.72146e-05 1.84116 -0.000876944 0.411378 -0.000673858 
-0.00125089 1.86754 -0.000673511 0.411376 -0.000219567 0.224193 -0.000219484 0.0154514 -0.000213504 -0.136968 -0.000211955 -0.242527 -9.67098e-05 -0.305452 -0.000875854 1.84116 -0.000673514 0.411376 
0.411378 -0.000673511 1.63842 -0.000444305 1.51701 -0.000181953 1.45717 -0.000179743 1.37485 -0.000177008 1.27902 -0.00017622 1.17284 -0.00010625 0.356008 -0.000450321 1.63842 -0.000444302 
-0.000673856 0.411376 -0.000444305 1.63842 -0.000182342 1.517 -0.000180214 1.45717 -0.000177309 1.37484 -0.000176532 1.27901 -0.000106044 1.17283 -0.0004497 0.356007 -0.000444303 1.63842 
0.224196 -0.000219567 1.51701 -0.000182342 2.71289 -9.28218e-05 2.41983 -8.54105e-05 2.1125 -8.2088e-05 1.81675 -8.00597e-05 1.55168 -5.67117e-05 -0.0152062 -0.000146939 1.51701 -0.000182343 
-0.000219165 0.224193 -0.000181953 1.517 -9.28218e-05 2.71289 -8.54388e-05 2.41982 -8.20598e-05 2.1125 -8.0014e-05 1.81675 -5.65689e-05 1.55168 -0.000146576 -0.0152084 -0.000181954 1.517 
0.0154532 -0.000219484 1.45717 -0.000180214 2.41983 -8.54388e-05 2.65597 -8.72286e-05 2.35369 -8.33799e-05 2.04132 -8.08875e-05 1.7433 -5.84117e-05 -0.178295 -0.000147245 1.45717 -0.000180215 
-0.000218948 0.0154514 -0.000179743 1.45717 -8.54105e-05 2.41982 -8.72286e-05 2.65597 -8.3332e-05 2.35369 -8.08226e-05 2.04132 -5.82501e-05 1.7433 -0.00014675 -0.178296 -0.000179744 1.45716 
-0.136967 -0.000213504 1.37485 -0.000177309 2.1125 -8.20598e-05 2.35369 -8.3332e-05 2.57041 -8.4455e-05 2.25831 -8.22217e-05 1.9401 -5.95949e-05 -0.2892 -0.000141741 1.37484 -0.000177311 
-0.000213379 -0.136968 -0.000177008 1.37484 -8.2088e-05 2.1125 -8.33799e-05 2.35369 -8.4455e-05 2.57041 -8.22092e-05 2.25831 -5.94784e-05 1.9401 -0.000141663 -0.289202 -0.00017701 1.37483 
-0.242524 -0.000211955 1.27902 -0.000176532 1.81675 -8.0014e-05 2.04132 -8.08226e-05 2.25831 -8.22092e-05 2.45755 -8.49401e-05 2.13986 -6.20038e-05 -0.359913 -0.000140471 1.27902 -0.000176534 
-0.000211746 -0.242527 -0.00017622 1.27901 -8.00597e-05 1.81675 -8.08875e-05 2.04132 -8.22217e-05 2.25831 -8.49401e-05 2.45755 -6.19085e-05 2.13987 -0.000140289 -0.359915 -0.000176221 1.27901 
-0.305447 -9.67098e-05 1.17284 -0.000106044 1.55168 -5.65689e-05 1.7433 -5.82501e-05 1.9401 -5.94784e-05 2.13986 -6.19085e-05 2.27611 -5.3001e-05 -0.40519 -5.78167e-05 1.17283 -0.000106045 
-9.72146e-05 -0.305452 -0.00010625 1.17283 -5.67117e-05 1.55168 -5.84117e-05 1.7433 -5.95949e-05 1.9401 -6.20038e-05 2.13987 -5.3001e-05 2.27611 -5.81958e-05 -0.405194 -0.000106251 1.17283 
1.84116 -0.000875854 0.356008 -0.0004497 -0.0152062 -0.000146576 -0.178295 -0.00014675 -0.2892 -0.000141663 -0.359913 -0.000140289 -0.40519 -5.81958e-05 1.85733 -0.000615249 0.356007 -0.000449702 
-0.000876944 1.84116 -0.000450321 0.356007 -0.000146939 -0.0152084 -0.000147245 -0.178296 -0.000141741 -0.289202 -0.000140471 -0.359915 -5.78167e-05 -0.405194 -0.000615249 1.85732 -0.000450323 0.356006 
0.411378 -0.000673514 1.63842 -0.000444303 1.51701 -0.000181954 1.45717 -0.000179744 1.37484 -0.00017701 1.27902 -0.000176221 1.17283 -0.000106251 0.356007 -0.000450323 1.63842 -0.000444301 
-0.000673858 0.411376 -0.000444302 1.63842 -0.000182343 1.517 -0.000180215 1.45716 -0.000177311 1.37483 -0.000176534 1.27901 -0.000106045 1.17283 -0.000449702 0.356006 -0.000444301 1.63842 


0.222939
18	-2.06869e-06 -6.72706e-06 -1.71097e-05 4.18217e-06 -1.05465e-05 -1.66245e-06 -9.6656e-06 -3.23382e-06 -9.82348e-06 -2.66437e-06 -1.05201e-05 -1.05286e-06 -1.11665e-05 -1.03148e-06 -3.47032e-06 -2.90166e-06 -1.794e-05 2.48137e-06 
18 18	0.765297 -3.68519e-05 -0.205076 1.41705e-06 -0.169412 4.76346e-06 -0.185706 5.47966e-06 -0.199417 7.36029e-06 -0.215121 6.42106e-06 -0.231229 6.25203e-06 0.76363 -3.68127e-05 -0.20847 2.17545e-06 
-3.68519e-05 0.765263 2.29307e-06 -0.205071 5.373e-06 -0.16939 6.42086e-06 -0.185684 8.05696e-06 -0.199396 6.84465e-06 -0.2151 6.76662e-06 -0.23121 -3.70563e-05 0.763592 3.15539e-06 -0.208464 
-0.205076 2.29307e-06 0.804808 -7.09533e-05 0.510678 -5.82548e-05 0.506177 -5.39874e-05 0.504757 -5.36893e-05 0.510648 -5.01987e-05 0.524961 -5.02833e-05 -0.188842 4.45102e-06 0.801951 -7.24486e-05 
1.41705e-06 -0.205071 -7.09533e-05 0.804743 -5.89027e-05 0.510615 -5.46236e-05 0.506124 -5.42458e-05 0.504704 -5.046e-05 0.510596 -5.06691e-05 0.524909 3.58629e-06 -0.188836 -7.20982e-05 0.801886 
-0.169412 5.373e-06 0.510678 -5.89027e-05 0.486637 -5.34023e-05 0.455832 -4.61949e-05 0.434828 -4.42789e-05 0.4192 -4.00174e-05 0.404527 -3.69385e-05 -0.182632 7.13109e-06 0.507608 -5.98615e-05 
4.76346e-06 -0.16939 -5.82548e-05 0.510615 -5.34023e-05 0.486569 -4.63686e-05 0.455777 -4.44871e-05 0.434776 -4.02189e-05 0.419149 -3.73287e-05 0.404477 6.49661e-06 -0.182609 -5.89894e-05 0.507546 
-0.185706 6.42086e-06 0.506177 -5.46236e-05 0.455832 -4.63686e-05 0.485963 -4.60491e-05 0.456732 -4.32813e-05 0.4403 -3.95778e-05 0.4288 -3.66772e-05 -0.19506 7.91803e-06 0.502119 -5.56325e-05 
5.47966e-06 -0.185684 -5.39874e-05 0.506124 -4.61949e-05 0.455777 -4.60491e-05 0.485914 -4.33571e-05 0.456686 -3.95735e-05 0.440254 -3.68307e-05 0.428756 6.96659e-06 -0.195038 -5.48321e-05 0.502066 
-0.199417 8.05696e-06 0.504757 -5.42458e-05 0.434828 -4.44871e-05 0.456732 -4.33571e-05 0.49031 -4.38682e-05 0.466546 -3.90672e-05 0.454712 -3.54848e-05 -0.205059 9.22576e-06 0.499747 -5.55136e-05 
7.36029e-06 -0.199396 -5.36893e-05 0.504704 -4.42789e-05 0.434776 -4.32813e-05 0.456686 -4.38682e-05 0.490262 -3.89837e-05 0.466499 -3.55983e-05 0.454666 8.53678e-06 -0.205037 -5.48132e-05 0.499695 
-0.215121 6.84465e-06 0.510648 -5.046e-05 0.4192 -4.02189e-05 0.4403 -3.95735e-05 0.466546 -3.89837e-05 0.508359 -3.83741e-05 0.489831 -3.47349e-05 -0.216453 7.62187e-06 0.504663 -5.19442e-05 
6.42106e-06 -0.2151 -5.01987e-05 0.510596 -4.00174e-05 0.419149 -3.95778e-05 0.440254 -3.90672e-05 0.466499 -3.83741e-05 0.508309 -3.49891e-05 0.489783 7.2131e-06 -0.216432 -5.15396e-05 0.504611 
-0.231229 6.76662e-06 0.524961 -5.06691e-05 0.404527 -3.73287e-05 0.4288 -3.68307e-05 0.454712 -3.55983e-05 0.489831 -3.49891e-05 0.542862 -3.59165e-05 -0.229589 7.32658e-06 0.517849 -5.25265e-05 
6.25203e-06 -0.23121 -5.02833e-05 0.524909 -3.69385e-05 0.404477 -3.66772e-05 0.428756 -3.54848e-05 0.454666 -3.47349e-05 0.489783 -3.59165e-05 0.542811 6.83573e-06 -0.229569 -5.2008e-05 0.517796 
0.76363 -3.70563e-05 -0.188842 3.58629e-06 -0.182632 6.49661e-06 -0.19506 6.96659e-06 -0.205059 8.53678e-06 -0.216453 7.2131e-06 -0.229589 6.83573e-06 0.767724 -3.74703e-05 -0.192663 4.04919e-06 
-3.68127e-05 0.763592 4.45102e-06 -0.188836 7.13109e-06 -0.182609 7.91803e-06 -0.195038 9.22576e-06 -0.205037 7.62187e-06 -0.216432 7.32658e-06 -0.229569 -3.74703e-05 0.767682 5.07952e-06 -0.192656 
-0.20847 3.15539e-06 0.801951 -7.20982e-05 0.507608 -5.89894e-05 0.502119 -5.48321e-05 0.499747 -5.48132e-05 0.504663 -5.15396e-05 0.517849 -5.2008e-05 -0.192663 5.07952e-06 0.801287 -7.30131e-05 
2.17545e-06 -0.208464 -7.24486e-05 0.801886 -5.98615e-05 0.507546 -5.56325e-05 0.502066 -5.55136e-05 0.499695 -5.19442e-05 0.504611 -5.25265e-05 0.517796 4.04919e-06 -0.192656 -7.30131e-05 0.801222 


0.337668
18	-1.53576e-08 9.12175e-08 1.03461e-08 -6.00478e-10 1.27843e-08 -1.24634e-09 7.56193e-09 7.67802e-09 9.0857e-09 1.10599e-08 1.48498e-08 5.81404e-09 2.01645e-08 7.09022e-09 -6.10595e-09 7.57321e-08 1.03562e-08 -5.93792e-10 
18 18	0.569608 3.86167e-05 -0.0827343 -6.96969e-06 -0.0892202 -7.81102e-06 -0.111744 -7.87299e-06 -0.131264 -1.00213e-05 -0.148681 -1.10096e-05 -0.165952 -1.14954e-05 0.569167 3.80619e-05 -0.082738 -6.97031e-06 
3.86167e-05 0.56961 -6.97257e-06 -0.0827343 -7.81324e-06 -0.0892206 -7.87572e-06 -0.111745 -1.00248e-05 -0.131264 -1.10129e-05 -0.148681 -1.15009e-05 -0.165952 3.80615e-05 0.56917 -6.97319e-06 -0.082738 
-0.0827343 -6.97257e-06 0.54345 2.74113e-05 0.339642 2.25428e-05 0.329373 2.15651e-05 0.325773 2.03816e-05 0.327338 1.99539e-05 0.331476 1.98076e-05 -0.0718047 -7.75855e-06 0.543451 2.74119e-05 
-6.96969e-06 -0.0827343 2.74113e-05 0.543452 2.2539e-05 0.339643 2.15611e-05 0.329374 2.03773e-05 0.325774 1.99485e-05 0.327339 1.97991e-05 0.331477 -7.75625e-06 -0.0718047 2.74119e-05 0.543453 
-0.0892202 -7.81324e-06 0.339642 2.2539e-05 0.348655 2.66628e-05 0.322723 2.28247e-05 0.308774 2.12565e-05 0.300517 2.02476e-05 0.291382 1.91528e-05 -0.102328 -9.06415e-06 0.339642 2.2539e-05 
-7.81102e-06 -0.0892206 2.25428e-05 0.339643 2.66628e-05 0.348656 2.28249e-05 0.322724 2.12569e-05 0.308775 2.0248e-05 0.300518 1.91529e-05 0.291383 -9.06161e-06 -0.102328 2.25429e-05 0.339643 
-0.111744 -7.87572e-06 0.329373 2.15611e-05 0.322723 2.28249e-05 0.344174 2.3645e-05 0.325034 2.173e-05 0.315475 2.05313e-05 0.307652 1.98512e-05 -0.122407 -9.00151e-06 0.329373 2.15613e-05 
-7.87299e-06 -0.111745 2.15651e-05 0.329374 2.28247e-05 0.322724 2.3645e-05 0.344175 2.17304e-05 0.325035 2.05318e-05 0.315476 1.98514e-05 0.307653 -8.99841e-06 -0.122408 2.15653e-05 0.329374 
-0.131264 -1.00248e-05 0.325773 2.03773e-05 0.308774 2.12569e-05 0.325034 2.17304e-05 0.352221 2.24991e-05 0.337064 2.14042e-05 0.328069 2.05823e-05 -0.140039 -1.09238e-05 0.325772 2.03775e-05 
-1.00213e-05 -0.131264 2.03816e-05 0.325774 2.12565e-05 0.308775 2.173e-05 0.325035 2.24991e-05 0.352222 2.14042e-05 0.337065 2.05821e-05 0.32807 -1.09199e-05 -0.14004 2.03817e-05 0.325773 
-0.148681 -1.10129e-05 0.327338 1.99485e-05 0.300517 2.0248e-05 0.315475 2.05318e-05 0.337064 2.14042e-05 0.369528 2.28497e-05 0.3552 2.1844e-05 -0.155468 -1.17519e-05 0.327337 1.99486e-05 
-1.10096e-05 -0.148681 1.99539e-05 0.327339 2.02476e-05 0.300518 2.05313e-05 0.315476 2.14042e-05 0.337065 2.28497e-05 0.369529 2.1844e-05 0.355201 -1.1748e-05 -0.155469 1.99539e-05 0.327338 
-0.165952 -1.15009e-05 0.331476 1.97991e-05 0.291382 1.91529e-05 0.307652 1.98514e-05 0.328069 2.05821e-05 0.3552 2.1844e-05 0.392083 2.36344e-05 -0.171833 -1.22247e-05 0.331475 1.97993e-05 
-1.14954e-05 -0.165952 1.98076e-05 0.331477 1.91528e-05 0.291383 1.98512e-05 0.307653 2.05823e-05 0.32807 2.1844e-05 0.355201 2.36344e-05 0.392085 -1.22184e-05 -0.171834 1.98078e-05 0.331476 
0.569167 3.80615e-05 -0.0718047 -7.75625e-06 -0.102328 -9.06161e-06 -0.122407 -8.99841e-06 -0.140039 -1.09199e-05 -0.155468 -1.1748e-05 -0.171833 -1.22184e-05 0.573318 3.78687e-05 -0.0718082 -7.75675e-06 
3.80619e-05 0.56917 -7.75855e-06 -0.0718047 -9.06415e-06 -0.102328 -9.00151e-06 -0.122408 -1.09238e-05 -0.14004 -1.17519e-05 -0.155469 -1.22247e-05 -0.171834 3.78687e-05 0.573321 -7.75905e-06 -0.0718082 
-0.082738 -6.97319e-06 0.543451 2.74119e-05 0.339642 2.25429e-05 0.329373 2.15653e-05 0.325772 2.03817e-05 0.327337 1.99539e-05 0.331475 1.98078e-05 -0.0718082 -7.75905e-06 0.543453 2.74124e-05 
-6.97031e-06 -0.082738 2.74119e-05 0.543453 2.2539e-05 0.339643 2.15613e-05 0.329374 2.03775e-05 0.325773 1.99486e-05 0.327338 1.97993e-05 0.331476 -7.75675e-06 -0.0718082 2.74124e-05 0.543455 

