13 12

0.0440896
12	-0.000583558 3.79874e-10 -0.000542849 -3.4114e-10 -1.10834e-05 1.21035e-10 -1.10936e-05 1.20959e-10 -5.01927e-05 -1.28826e-11 -0.000353769 -7.38438e-13 
12 12	0.902459 -1.01333e-08 0.0227289 4.84404e-09 0.00470757 -5.79416e-10 0.00470311 -5.81284e-10 -0.0275177 -1.45123e-09 -0.130397 -4.84784e-09 
-1.01333e-08 0.886511 6.70339e-11 0.0243324 5.96889e-10 0.006134 5.93604e-10 0.00612857 5.6352e-09 -0.0259561 6.22899e-09 -0.121428 
0.0227289 6.70339e-11 0.774763 -7.69697e-09 0.0579871 -1.11688e-09 0.0579871 -1.11382e-09 0.0786652 -2.98544e-09 0.193403 -8.49604e-09 
4.84404e-09 0.0243324 -7.69697e-09 0.767157 -9.81048e-10 0.0567696 -9.8073e-10 0.0567702 -3.98338e-09 0.0772443 -1.3721e-08 0.191898 
0.00470757 5.96889e-10 0.0579871 -9.81048e-10 0.0102714 5.68549e-10 0.0102707 5.69968e-10 0.0106182 7.28086e-10 0.016363 5.85216e-10 
-5.79416e-10 0.006134 -1.11688e-09 0.0567696 5.68549e-10 0.00982999 5.69838e-10 0.00982962 -1.05573e-09 0.0101357 -2.5693e-09 0.0159072 
0.00470311 5.93604e-10 0.0579871 -9.8073e-10 0.0102707 5.69838e-10 0.0102711 5.71261e-10 0.0106156 7.29256e-10 0.0163612 5.93744e-10 
-5.81284e-10 0.00612857 -1.11382e-09 0.0567702 5.69968e-10 0.00982962 5.71261e-10 0.00983025 -1.0547e-09 0.0101321 -2.58173e-09 0.0159061 
-0.0275177 5.6352e-09 0.0786652 -3.98338e-09 0.0106182 -1.05573e-09 0.0106156 -1.0547e-09 0.030908 -1.05382e-10 0.058335 2.04506e-09 
-1.45123e-09 -0.0259561 -2.98544e-09 0.0772443 7.28086e-10 0.0101357 7.29256e-10 0.0101321 -1.05382e-10 0.030034 -1.40761e-09 0.0573197 
-0.130397 6.22899e-09 0.193403 -1.3721e-08 0.016363 -2.5693e-09 0.0163612 -2.58173e-09 0.058335 -1.40761e-09 0.347982 -5.49614e-09 
-4.84784e-09 -0.121428 -8.49604e-09 0.191898 5.85216e-10 0.0159072 5.93744e-10 0.0159061 2.04506e-09 0.0573197 -5.49614e-09 0.347726 


0.0548259
12	-0.0690261 -2.07619e-07 -0.687247 -5.70169e-07 -0.736541 -6.7092e-07 -0.719489 -6.9039e-07 -0.703145 -6.85585e-07 -0.679223 -7.01471e-07 
12 12	3.28733 8.41247e-06 0.53784 -1.18475e-06 0.887561 -6.35007e-07 0.655617 -9.03092e-07 0.46624 -1.08171e-06 0.331305 -1.31955e-06 
8.41247e-06 1.60187 -1.24569e-06 1.14814 -9.28763e-07 0.201392 -1.21271e-06 0.1121 -1.55024e-06 0.0432891 -1.76003e-06 -0.0121164 
0.53784 -1.24569e-06 1.65823 2.7485e-06 1.3676 2.68263e-06 1.29548 2.41657e-06 1.25577 2.28345e-06 1.22132 2.26142e-06 
-1.18475e-06 1.14814 2.7485e-06 1.91342 2.5786e-06 0.299609 2.47225e-06 0.206875 2.47196e-06 0.139766 2.50877e-06 0.0876796 
0.887561 -9.28763e-07 1.3676 2.5786e-06 2.59012 3.26467e-06 2.36541 2.75515e-06 2.18094 2.42636e-06 2.00369 2.267e-06 
-6.35007e-07 0.201392 2.68263e-06 0.299609 3.26467e-06 0.298434 2.80031e-06 0.245478 2.49461e-06 0.204677 2.35403e-06 0.178447 
0.655617 -1.21271e-06 1.29548 2.47225e-06 2.36541 2.80031e-06 2.59146 2.77511e-06 2.45097 2.48065e-06 2.29533 2.31044e-06 
-9.03092e-07 0.1121 2.41657e-06 0.206875 2.75515e-06 0.245478 2.77511e-06 0.251184 2.5224e-06 0.220938 2.38487e-06 0.197582 
0.46624 -1.55024e-06 1.25577 2.47196e-06 2.18094 2.49461e-06 2.45097 2.5224e-06 2.75085 2.65156e-06 2.62603 2.50303e-06 
-1.08171e-06 0.0432891 2.28345e-06 0.139766 2.42636e-06 0.204677 2.48065e-06 0.220938 2.65156e-06 0.242429 2.5153e-06 0.226898 
0.331305 -1.76003e-06 1.22132 2.50877e-06 2.00369 2.35403e-06 2.29533 2.38487e-06 2.62603 2.5153e-06 2.92696 2.7383e-06 
-1.31955e-06 -0.0121164 2.26142e-06 0.0876796 2.267e-06 0.178447 2.31044e-06 0.197582 2.50303e-06 0.226898 2.7383e-06 0.261124 


0.025553
12	0.121328 -1.23961e-07 1.81398 1.48645e-06 2.02108 1.41922e-06 2.00378 1.53086e-06 1.95208 1.53674e-06 1.8812 1.56493e-06 
12 12	3.59295 1.96509e-07 0.259196 1.99728e-08 0.343043 -1.17011e-07 -0.0500038 -2.84463e-07 -0.376807 -4.56345e-07 -0.629285 -5.92045e-07 
1.96509e-07 0.221495 4.7747e-08 -0.0389563 1.161e-07 -0.00865757 -2.74253e-08 -0.0228531 -1.93644e-07 -0.035638 -3.56635e-07 -0.0493744 
0.259196 4.7747e-08 0.274888 -1.47925e-07 0.219879 -2.03408e-07 0.194339 -2.44125e-07 0.191253 -2.72457e-07 0.197977 -2.96334e-07 
1.99728e-08 -0.0389563 -1.47925e-07 0.357177 -7.85932e-07 0.210972 -7.29472e-07 0.197484 -7.47887e-07 0.184859 -6.50568e-07 0.176652 
0.343043 1.161e-07 0.219879 -7.85932e-07 1.6348 -4.03097e-07 1.15222 -6.89047e-07 0.664551 -8.67059e-07 0.275529 -1.00503e-06 
-1.17011e-07 -0.00865757 -2.03408e-07 0.210972 -4.03097e-07 0.297681 -5.61289e-07 0.259385 -7.36406e-07 0.227159 -7.47996e-07 0.206937 
-0.0500038 -2.74253e-08 0.194339 -7.29472e-07 1.15222 -5.61289e-07 1.52881 -5.0179e-07 1.12668 -6.11912e-07 0.757692 -7.30125e-07 
-2.84463e-07 -0.0228531 -2.44125e-07 0.197484 -6.89047e-07 0.259385 -5.0179e-07 0.286461 -5.82933e-07 0.262758 -5.61991e-07 0.244439 
-0.376807 -1.93644e-07 0.191253 -7.47887e-07 0.664551 -7.36406e-07 1.12668 -5.82933e-07 1.59152 -3.63343e-07 1.30345 -4.39127e-07 
-4.56345e-07 -0.035638 -2.72457e-07 0.184859 -8.67059e-07 0.227159 -6.11912e-07 0.262758 -3.63343e-07 0.306754 -2.94249e-07 0.297296 
-0.629285 -3.56635e-07 0.197977 -6.50568e-07 0.275529 -7.47996e-07 0.757692 -5.61991e-07 1.30345 -2.94249e-07 1.84065 -4.07937e-08 
-5.92045e-07 -0.0493744 -2.96334e-07 0.176652 -1.00503e-06 0.206937 -7.30125e-07 0.244439 -4.39127e-07 0.297296 -4.07937e-08 0.357489 


0.108183
12	-0.00107864 -0.000142442 -0.00185451 0.000296636 -0.0014323 -0.000289944 -0.00173393 -0.000579123 -0.00191802 -0.000813929 -0.00215197 -0.00106689 
12 12	0.682163 0.563591 -0.258426 -0.226056 -0.196814 -0.176269 -0.228224 -0.203472 -0.252439 -0.224762 -0.269211 -0.239208 
0.563591 0.657207 -0.224816 -0.242791 -0.174846 -0.187891 -0.201719 -0.219676 -0.222673 -0.244267 -0.236918 -0.26154 
-0.258426 -0.224816 0.751626 0.668608 0.616464 0.566529 0.613256 0.562737 0.611267 0.559692 0.605546 0.55303 
-0.226056 -0.242791 0.668608 0.760273 0.568605 0.620115 0.565376 0.615737 0.56316 0.612412 0.55706 0.605852 
-0.196814 -0.174846 0.616464 0.568605 0.719552 0.640285 0.642123 0.574853 0.603063 0.542368 0.568132 0.511806 
-0.176269 -0.187891 0.566529 0.620115 0.640285 0.722282 0.575584 0.643475 0.543778 0.602747 0.513571 0.566951 
-0.228224 -0.201719 0.613256 0.565376 0.642123 0.575584 0.714442 0.635339 0.647702 0.579266 0.610175 0.547582 
-0.203472 -0.219676 0.562737 0.615737 0.574853 0.643475 0.635339 0.71487 0.580074 0.647197 0.548773 0.608885 
-0.252439 -0.222673 0.611267 0.56316 0.603063 0.543778 0.647702 0.580074 0.719712 0.638568 0.655319 0.584373 
-0.224762 -0.244267 0.559692 0.612412 0.542368 0.602747 0.579266 0.647197 0.638568 0.718639 0.584939 0.654041 
-0.269211 -0.236918 0.605546 0.55706 0.568132 0.513571 0.610175 0.548773 0.655319 0.584939 0.707593 0.62286 
-0.239208 -0.26154 0.55303 0.605852 0.511806 0.566951 0.547582 0.608885 0.584373 0.654041 0.62286 0.706153 


0.0723166
12	-0.000175859 7.46269e-10 -0.00115541 1.85202e-09 -0.00116651 -3.66228e-13 -0.00114729 3.53069e-18 -0.00111273 3.53075e-18 -0.000725853 -1.10417e-13 
12 12	1.38477 -4.1115e-09 -0.0216554 2.45552e-09 -0.0256427 7.65807e-13 -0.12525 -2.26299e-25 -0.194467 -1.7612e-23 -0.235547 -8.12182e-14 
-4.1115e-09 0.127544 8.98573e-10 0.0956788 3.32046e-09 1.24253e-06 1.2366e-09 1.36961e-14 -6.78088e-10 -1.59002e-14 -2.51738e-09 2.93139e-08 
-0.0216554 8.98573e-10 1.36452 -6.15041e-09 1.02222 -1.76378e-13 0.954431 -3.29605e-25 0.923043 7.02773e-23 0.90723 -3.18636e-13 
2.45552e-09 0.0956788 -6.15041e-09 0.269749 -5.14433e-09 3.65226e-06 -3.6353e-09 1.46517e-14 -6.83143e-09 -7.3327e-14 -7.62755e-09 4.27524e-07 
-0.0256427 3.32046e-09 1.02222 -5.14433e-09 1.31302 -2.0812e-13 1.17822 -2.84452e-26 1.07463 1.35586e-22 1.00134 6.20934e-14 
7.65807e-13 1.24253e-06 -1.76378e-13 3.65226e-06 -2.0812e-13 1.00005e-06 -1.72969e-12 -6.176e-19 -1.94862e-12 3.18357e-18 -3.43526e-12 -1.86753e-11 
-0.12525 1.2366e-09 0.954431 -3.6353e-09 1.17822 -1.72969e-12 1.24966 -3.72981e-26 1.15114 2.3632e-22 1.07344 -7.88713e-14 
-2.26299e-25 1.36961e-14 -3.29605e-25 1.46517e-14 -2.84452e-26 -6.176e-19 -3.72981e-26 1e-06 1.74078e-14 -6.02083e-15 3.06283e-14 -8.82566e-13 
-0.194467 -6.78088e-10 0.923043 -6.83143e-09 1.07463 -1.94862e-12 1.15114 1.74078e-14 1.25052 1.97852e-22 1.17246 -2.88319e-13 
-1.7612e-23 -1.59002e-14 7.02773e-23 -7.3327e-14 1.35586e-22 3.18357e-18 2.3632e-22 -6.02083e-15 1.97852e-22 1e-06 -1.06666e-14 1.04487e-11 
-0.235547 -2.51738e-09 0.90723 -7.62755e-09 1.00134 -3.43526e-12 1.07344 3.06283e-14 1.17246 -1.06666e-14 1.2817 -4.04479e-13 
-8.12182e-14 2.93139e-08 -3.18636e-13 4.27524e-07 6.20934e-14 -1.86753e-11 -7.88713e-14 -8.82566e-13 -2.88319e-13 1.04487e-11 -4.04479e-13 1e-06 


0.108181
12	-0.00107889 0.000142555 -0.00185454 -0.000296668 -0.00143232 0.000289921 -0.00173393 0.000579101 -0.00191802 0.000813903 -0.00215197 0.00106687 
12 12	0.682178 -0.563598 -0.258429 0.226057 -0.196817 0.176271 -0.228228 0.203474 -0.252443 0.224765 -0.269216 0.239211 
-0.563598 0.657208 0.224818 -0.242791 0.174848 -0.187891 0.201722 -0.219677 0.222676 -0.244268 0.236921 -0.261541 
-0.258429 0.224818 0.751637 -0.668614 0.616475 -0.566537 0.613267 -0.562744 0.611278 -0.559699 0.605557 -0.553037 
0.226057 -0.242791 -0.668614 0.760275 -0.568613 0.62012 -0.565384 0.615741 -0.563167 0.612416 -0.557068 0.605856 
-0.196817 0.174848 0.616475 -0.568613 0.719567 -0.640297 0.642137 -0.574863 0.603075 -0.542377 0.568143 -0.511814 
0.176271 -0.187891 -0.566537 0.62012 -0.640297 0.72229 -0.575594 0.643482 -0.543787 0.602754 -0.513579 0.566956 
-0.228228 0.201722 0.613267 -0.565384 0.642137 -0.575594 0.714457 -0.63535 0.647715 -0.579275 0.610187 -0.547591 
0.203474 -0.219677 -0.562744 0.615741 -0.574863 0.643482 -0.63535 0.714879 -0.580084 0.647204 -0.548782 0.608892 
-0.252443 0.222676 0.611278 -0.563167 0.603075 -0.543787 0.647715 -0.580084 0.719727 -0.638579 0.655332 -0.584382 
0.224765 -0.244268 -0.559699 0.612416 -0.542377 0.602754 -0.579275 0.647204 -0.638579 0.718647 -0.584949 0.654048 
-0.269216 0.236921 0.605557 -0.557068 0.568143 -0.513579 0.610187 -0.548782 0.655332 -0.584949 0.707607 -0.62287 
0.239211 -0.261541 -0.553037 0.605856 -0.511814 0.566956 -0.547591 0.608892 -0.584382 0.654048 -0.62287 0.706161 


0.0993189
12	2.38928e-05 9.5548e-10 0.000330209 3.44054e-09 0.000263714 2.84039e-09 0.000283817 2.61412e-09 0.000302919 2.52697e-09 0.000320869 1.61436e-09 
12 12	0.100015 -6.06057e-06 -0.057969 2.549e-06 -0.0349405 1.66914e-06 -0.0376246 1.88071e-06 -0.0400761 1.99378e-06 -0.0422799 2.06287e-06 
-6.06057e-06 0.50197 2.86423e-06 -0.294996 2.10378e-06 -0.214752 2.25139e-06 -0.224834 2.37405e-06 -0.233938 2.45736e-06 -0.242176 
-0.057969 2.86423e-06 0.185235 -7.61546e-06 0.113484 -5.11127e-06 0.111282 -4.99361e-06 0.112472 -5.01087e-06 0.114762 -5.0443e-06 
2.549e-06 -0.294996 -7.61546e-06 0.534216 -5.09444e-06 0.378814 -4.87728e-06 0.37832 -4.92039e-06 0.383874 -5.02468e-06 0.389682 
-0.0349405 2.10378e-06 0.113484 -5.09444e-06 0.0934498 -4.29122e-06 0.08502 -4.03186e-06 0.0822791 -3.95411e-06 0.0834429 -3.90971e-06 
1.66914e-06 -0.214752 -5.11127e-06 0.378814 -4.29122e-06 0.335567 -3.97677e-06 0.315926 -3.91866e-06 0.313679 -3.94622e-06 0.314884 
-0.0376246 2.25139e-06 0.111282 -4.87728e-06 0.08502 -3.97677e-06 0.0898994 -4.0884e-06 0.0857524 -4.00162e-06 0.0839702 -3.92752e-06 
1.88071e-06 -0.224834 -4.99361e-06 0.37832 -4.03186e-06 0.315926 -4.0884e-06 0.334657 -4.02032e-06 0.325266 -3.99828e-06 0.322687 
-0.0400761 2.37405e-06 0.112472 -4.92039e-06 0.0822791 -3.91866e-06 0.0857524 -4.02032e-06 0.0926793 -4.25184e-06 0.0893862 -4.14379e-06 
1.99378e-06 -0.233938 -5.01087e-06 0.383874 -3.95411e-06 0.313679 -4.00162e-06 0.325266 -4.25184e-06 0.348457 -4.2053e-06 0.337973 
-0.0422799 2.45736e-06 0.114762 -5.02468e-06 0.0834429 -3.94622e-06 0.0839702 -3.99828e-06 0.0893862 -4.2053e-06 0.0987439 -4.46644e-06 
2.06287e-06 -0.242176 -5.0443e-06 0.389682 -3.90971e-06 0.314884 -3.92752e-06 0.322687 -4.14379e-06 0.337973 -4.46644e-06 0.363788 


0.13635
12	-1.34542e-05 -7.75201e-12 5.88485e-06 8.23157e-12 -1.01383e-06 -8.2848e-13 -1.01384e-06 -8.28481e-13 -1.01384e-06 -8.2848e-13 -1.01388e-06 -8.28376e-13 
12 12	0.832942 -1.43588e-10 0.114766 2.20128e-10 0.00690563 4.68186e-11 0.00690529 4.68186e-11 0.00690519 4.68186e-11 0.00690499 4.68166e-11 
-1.43588e-10 0.832669 1.92431e-10 0.114881 3.27847e-11 0.0068848 3.27845e-11 0.00688446 3.27845e-11 0.00688437 3.27835e-11 0.00688416 
0.114766 1.92431e-10 0.672763 1.98262e-09 0.0365711 8.92272e-10 0.0365709 8.92272e-10 0.0365711 8.92272e-10 0.0365719 8.92273e-10 
2.20128e-10 0.114881 1.98262e-09 0.672715 8.98283e-10 0.0365802 8.98283e-10 0.03658 8.98283e-10 0.0365802 8.98283e-10 0.036581 
0.00690563 3.27847e-11 0.0365711 8.98283e-10 0.00594205 3.87184e-10 0.00594207 3.87184e-10 0.00594212 3.87184e-10 0.0059422 3.87184e-10 
4.68186e-11 0.0068848 8.92272e-10 0.0365802 3.87184e-10 0.00594096 3.87184e-10 0.00594097 3.87184e-10 0.00594102 3.87184e-10 0.00594111 
0.00690529 3.27845e-11 0.0365709 8.98283e-10 0.00594207 3.87184e-10 0.00594308 3.87184e-10 0.00594219 3.87184e-10 0.00594227 3.87184e-10 
4.68186e-11 0.00688446 8.92272e-10 0.03658 3.87184e-10 0.00594097 3.87184e-10 0.00594199 3.87184e-10 0.00594109 3.87184e-10 0.00594117 
0.00690519 3.27845e-11 0.0365711 8.98283e-10 0.00594212 3.87184e-10 0.00594219 3.87184e-10 0.00594318 3.87184e-10 0.0059423 3.87184e-10 
4.68186e-11 0.00688437 8.92272e-10 0.0365802 3.87184e-10 0.00594102 3.87184e-10 0.00594109 3.87184e-10 0.00594209 3.87184e-10 0.00594121 
0.00690499 3.27835e-11 0.0365719 8.98283e-10 0.0059422 3.87184e-10 0.00594227 3.87184e-10 0.0059423 3.87184e-10 0.00594335 3.87184e-10 
4.68166e-11 0.00688416 8.92273e-10 0.036581 3.87184e-10 0.00594111 3.87184e-10 0.00594117 3.87184e-10 0.00594121 3.87184e-10 0.00594226 


0.0931706
12	-0.00153358 -2.22289e-08 -0.0283695 7.73767e-09 -0.0267033 1.2205e-08 -0.0272764 9.54262e-09 -0.0281168 8.4476e-09 -0.0287228 8.51245e-09 
12 12	1.19743 2.44365e-07 -0.311486 5.20677e-08 -0.253646 5.06629e-08 -0.307286 2.68261e-08 -0.345048 1.04367e-08 -0.380109 -5.15238e-09 
2.44365e-07 0.0854286 6.37254e-08 -0.0135486 5.69422e-08 -0.00710453 3.63943e-08 -0.00982253 2.50126e-08 -0.0107515 9.90569e-09 -0.0121535 
-0.311486 6.37254e-08 1.21414 3.4379e-07 0.943119 1.48892e-07 0.936182 1.29022e-07 0.940175 1.38664e-07 0.945752 1.38086e-07 
5.20677e-08 -0.0135486 3.4379e-07 0.0955748 1.89889e-07 0.0519525 1.64044e-07 0.0486502 1.69045e-07 0.0470419 1.73548e-07 0.0465834 
-0.253646 5.69422e-08 0.943119 1.89889e-07 0.961578 9.34585e-08 0.905359 8.1427e-08 0.876614 8.53959e-08 0.855193 8.26004e-08 
5.06629e-08 -0.00710453 1.48892e-07 0.0519525 9.34585e-08 0.0546242 7.67641e-08 0.0455523 7.87179e-08 0.0407541 8.14713e-08 0.0391949 
-0.307286 3.63943e-08 0.936182 1.64044e-07 0.905359 7.67641e-08 0.963516 7.77861e-08 0.930327 8.54232e-08 0.907583 8.15432e-08 
2.68261e-08 -0.00982253 1.29022e-07 0.0486502 8.1427e-08 0.0455523 7.77861e-08 0.0505679 8.3002e-08 0.0450997 8.41863e-08 0.0413221 
-0.345048 2.50126e-08 0.940175 1.69045e-07 0.876614 7.87179e-08 0.930327 8.3002e-08 0.996825 9.71095e-08 0.966408 9.45226e-08 
1.04367e-08 -0.0107515 1.38664e-07 0.0470419 8.53959e-08 0.0407541 8.54232e-08 0.0450997 9.71095e-08 0.0512457 1.00146e-07 0.0465476 
-0.380109 9.90569e-09 0.945752 1.73548e-07 0.855193 8.14713e-08 0.907583 8.41863e-08 0.966408 1.00146e-07 1.04349 1.07474e-07 
-5.15238e-09 -0.0121535 1.38086e-07 0.0465834 8.26004e-08 0.0391949 8.15432e-08 0.0413221 9.45226e-08 0.0465476 1.07474e-07 0.0544427 


0.0594234
12	0.0162862 -3.21001e-09 -0.106909 -3.76584e-08 -0.147113 6.44121e-08 -0.151996 4.30755e-08 -0.142301 4.68569e-08 -0.132122 4.16464e-08 
12 12	1.41595 1.48114e-06 0.0354491 -7.40161e-07 0.0500827 -1.17324e-06 -0.291112 -1.51423e-06 -0.555792 -1.7579e-06 -0.708539 -1.77081e-06 
1.48114e-06 1.82959 -1.08268e-06 -0.00206616 -1.40204e-06 0.109036 -1.7184e-06 -0.282296 -1.86607e-06 -0.59037 -1.85658e-06 -0.795753 
0.0354491 -1.08268e-06 2.02269 3.10305e-06 2.40639 3.81216e-06 2.44026 3.86852e-06 2.30959 3.55408e-06 2.06458 3.04519e-06 
-7.40161e-07 -0.00206616 3.10305e-06 2.39829 4.00792e-06 3.0097 3.99908e-06 3.05987 3.66173e-06 2.92362 3.19309e-06 2.66199 
0.0500827 -1.40204e-06 2.40639 4.00792e-06 5.11563 6.46359e-06 4.65998 5.51354e-06 3.95279 4.8431e-06 3.21211 4.02364e-06 
-1.17324e-06 0.109036 3.81216e-06 3.0097 6.46359e-06 6.21219 5.50694e-06 5.6882 4.90279e-06 4.85318 4.18382e-06 3.99873 
-0.291112 -1.7184e-06 2.44026 3.99908e-06 4.65998 5.50694e-06 5.36829 6.51792e-06 4.67187 5.24506e-06 3.83501 4.48044e-06 
-1.51423e-06 -0.282296 3.86852e-06 3.05987 5.51354e-06 5.6882 6.51792e-06 6.52381 5.30013e-06 5.72801 4.60481e-06 4.77238 
-0.555792 -1.86607e-06 2.30959 3.66173e-06 3.95279 4.90279e-06 4.67187 5.30013e-06 5.2195 5.85765e-06 4.40273 4.66727e-06 
-1.7579e-06 -0.59037 3.55408e-06 2.92362 4.8431e-06 4.85318 5.24506e-06 5.72801 5.85765e-06 6.40776 4.74255e-06 5.49562 
-0.708539 -1.85658e-06 2.06458 3.19309e-06 3.21211 4.18382e-06 3.83501 4.60481e-06 4.40273 4.74255e-06 4.75966 4.75291e-06 
-1.77081e-06 -0.795753 3.04519e-06 2.66199 4.02364e-06 3.99873 4.48044e-06 4.77238 4.66727e-06 5.49562 4.75291e-06 5.96525 


0.0492655
12	-1.56839e-05 8.58008e-09 -5.52373e-06 2.02942e-09 2.58498e-05 -6.73901e-09 6.73378e-05 -6.43846e-09 8.51476e-05 -6.32535e-09 8.93262e-05 -6.00086e-09 
12 12	0.0631713 7.67548e-07 0.00123235 -1.80156e-07 0.00337961 -1.40997e-07 -0.00406832 -1.85499e-07 -0.0107357 -2.05644e-07 -0.016124 -2.10727e-07 
7.67548e-07 3.05209 1.48071e-08 0.392327 -1.73222e-07 0.383851 -2.14548e-07 0.0998027 -2.58969e-07 -0.128317 -2.63052e-07 -0.298466 
0.00123235 1.48071e-08 0.00203023 2.40459e-08 0.000903017 2.03879e-08 0.000949156 1.65013e-08 0.000841268 1.41175e-08 0.00079438 1.50379e-08 
-1.80156e-07 0.392327 2.40459e-08 2.40129 3.35737e-07 2.41472 3.37119e-07 2.32056 3.87571e-07 2.24823 4.00039e-07 2.15983 
0.00337961 -1.73222e-07 0.000903017 3.35737e-07 0.0490853 4.64681e-07 0.0367158 4.08829e-07 0.0279207 3.78019e-07 0.0215805 3.36769e-07 
-1.40997e-07 0.383851 2.03879e-08 2.41472 4.64681e-07 3.45337 4.1588e-07 3.12876 4.18597e-07 2.83057 3.94847e-07 2.51075 
-0.00406832 -2.14548e-07 0.000949156 3.37119e-07 0.0367158 4.1588e-07 0.0489809 4.40427e-07 0.0391491 4.11386e-07 0.0304691 3.77598e-07 
-1.85499e-07 0.0998027 1.65013e-08 2.32056 4.08829e-07 3.12876 4.40427e-07 3.28277 4.36932e-07 3.04204 4.22586e-07 2.75322 
-0.0107357 -2.58969e-07 0.000841268 3.87571e-07 0.0279207 4.18597e-07 0.0391491 4.36932e-07 0.0545596 4.94517e-07 0.044556 4.60647e-07 
-2.05644e-07 -0.128317 1.41175e-08 2.24823 3.78019e-07 2.83057 4.11386e-07 3.04204 4.94517e-07 3.23633 4.73673e-07 2.99999 
-0.016124 -2.63052e-07 0.00079438 4.00039e-07 0.0215805 3.94847e-07 0.0304691 4.22586e-07 0.044556 4.73673e-07 0.0592913 5.31023e-07 
-2.10727e-07 -0.298466 1.50379e-08 2.15983 3.36769e-07 2.51075 3.77598e-07 2.75322 4.60647e-07 2.99999 5.31023e-07 3.19834 


0.0770635
12	0.00170254 5.57681e-08 0.0103533 -3.60724e-08 0.0043354 -1.90021e-08 0.0031753 -1.7718e-08 0.00270214 -1.50228e-08 0.00251007 -1.2806e-08 
12 12	1.40493 -1.09527e-06 0.945046 1.28169e-07 0.185683 4.09852e-08 0.112169 7.56715e-08 0.0631779 1.12519e-07 0.022588 1.43989e-07 
-1.09527e-06 2.40739 -5.48349e-08 0.394226 -2.93464e-07 0.524463 -2.11587e-07 0.386488 -1.65096e-07 0.2844 -1.20358e-07 0.2147 
0.945046 -5.48349e-08 1.72455 8.76159e-08 0.341168 1.66994e-07 0.252203 2.56226e-07 0.193557 2.80312e-07 0.152245 3.08795e-07 
1.28169e-07 0.394226 8.76159e-08 2.01084 8.25438e-09 1.41246 2.27815e-08 1.35944 5.30246e-08 1.33833 8.67025e-08 1.33438 
0.185683 -2.93464e-07 0.341168 8.25438e-09 0.305767 3.71051e-08 0.258541 1.10008e-07 0.22608 1.47372e-07 0.207658 1.7504e-07 
4.09852e-08 0.524463 1.66994e-07 1.41246 3.71051e-08 1.89794 6.658e-08 1.77408 1.02969e-07 1.70167 1.35552e-07 1.6578 
0.112169 -2.11587e-07 0.252203 2.27815e-08 0.258541 6.658e-08 0.260832 9.40621e-08 0.237296 1.36673e-07 0.220921 1.7487e-07 
7.56715e-08 0.386488 2.56226e-07 1.35944 1.10008e-07 1.77408 9.40621e-08 1.88907 1.37309e-07 1.81772 1.68129e-07 1.78075 
0.0631779 -1.65096e-07 0.193557 5.30246e-08 0.22608 1.02969e-07 0.237296 1.37309e-07 0.253044 1.55485e-07 0.242833 1.89083e-07 
1.12519e-07 0.2844 2.80312e-07 1.33833 1.47372e-07 1.70167 1.36673e-07 1.81772 1.55485e-07 1.96461 1.84574e-07 1.92284 
0.022588 -1.20358e-07 0.152245 8.67025e-08 0.207658 1.35552e-07 0.220921 1.68129e-07 0.242833 1.84574e-07 0.271555 2.06135e-07 
1.43989e-07 0.2147 3.08795e-07 1.33438 1.7504e-07 1.6578 1.7487e-07 1.78075 1.89083e-07 1.92284 2.06135e-07 2.10091 


0.072259
12	1.55129e-06 -2.60269e-11 -2.5383e-06 1.28046e-11 -6.16034e-10 3.47006e-11 2.27712e-18 2.98411e-11 2.15715e-18 2.27056e-11 6.01768e-11 1.42632e-11 
12 12	0.127109 1.87565e-09 0.0968765 1.60221e-09 1.09739e-06 8.52026e-10 1.37095e-14 6.54811e-10 -1.59018e-14 8.28239e-10 -2.92935e-08 1.25165e-09 
1.87565e-09 1.38469 1.14769e-09 -0.020438 3.48317e-11 -0.0247649 4.42506e-25 -0.124169 1.54796e-22 -0.192918 2.07711e-11 -0.23442 
0.0968765 1.14769e-09 0.268648 -1.70189e-10 3.27276e-06 -2.39748e-10 1.46655e-14 -5.23142e-10 -7.33761e-14 -4.94264e-10 4.40526e-07 -6.48915e-10 
1.60221e-09 -0.020438 -1.70189e-10 1.3656 -1.30404e-11 1.02082 -1.03482e-23 0.953771 -6.07053e-22 0.92315 8.9862e-12 0.906738 
1.09739e-06 3.48317e-11 3.27276e-06 -1.30404e-11 1.00004e-06 5.1307e-12 -6.00604e-19 -1.44472e-11 3.16866e-18 -2.25718e-11 -1.94164e-11 -9.87244e-12 
8.52026e-10 -0.0247649 -2.39748e-10 1.02082 5.1307e-12 1.3085 -3.80399e-23 1.17442 -1.17588e-21 1.07194 2.90922e-12 0.999684 
1.37095e-14 4.42506e-25 1.46655e-14 -1.03482e-23 -6.00604e-19 -3.80399e-23 1e-06 -1.55828e-16 -6.02342e-15 -6.39997e-16 -5.00469e-13 -2.48116e-15 
6.54811e-10 -0.124169 -5.23142e-10 0.953771 -1.44472e-11 1.17442 -1.55828e-16 1.24649 -2.04963e-21 1.14811 6.75306e-13 1.07104 
-1.59018e-14 1.54796e-22 -7.33761e-14 -6.07053e-22 3.16866e-18 -1.17588e-21 -6.02342e-15 -2.04963e-21 1e-06 1.22689e-14 1.16873e-11 9.63101e-14 
8.28239e-10 -0.192918 -4.94264e-10 0.92315 -2.25718e-11 1.07194 -6.39997e-16 1.14811 1.22689e-14 1.24903 -9.78534e-13 1.17043 
-2.92935e-08 2.07711e-11 4.40526e-07 8.9862e-12 -1.94164e-11 2.90922e-12 -5.00469e-13 6.75306e-13 1.16873e-11 -9.78534e-13 1e-06 -2.0641e-11 
1.25165e-09 -0.23442 -6.48915e-10 0.906738 -9.87244e-12 0.999684 -2.48116e-15 1.07104 9.63101e-14 1.17043 -2.0641e-11 1.2797 

