50	0 5.40862e-278 0 0.0140108 0.030204 2.07029e-311 1.59916e-258 0.0781734 0.0303234 0.0316051 0.0156644 0 0.212496 0.0928013 0.0439989 0.0285891 1.36584e-280 0.0808207 1.23201e-92 1.25949e-260 0.0463852 0.0351576 2.81346e-90 6.16993e-316 5.36782e-281 1.34795e-226 0 0.0304224 0.0638002 5.19152e-79 0 3.48512e-209 0.0148967 0.0155408 4.30936e-300 0.0125177 4.88853e-151 7.58467e-255 0.0484546 5.52962e-186 0.0139046 1.46852e-192 2.86494e-311 2.53679e-18 2.72225e-294 2.2871e-173 0.0143821 0.0317586 7.53435e-189 0.014092 

50 50	0.954856 0 0 0.00401689 0 0 0 0 0 0 0 0 0 0 0 0 0 2.59698e-38 0 0 0 0 0 0 0 0 0 0 0 0 0 0 0 0 0 0.00702194 0 0.00432612 0 0 0 0 0 0 0 0 0 0 0 0 
0 0.908517 0 0 0 0 0 0 0 0.0034727 0.00583971 0.0101004 0 0 0 0 0 0 0.0104673 0 2.63772e-30 0 0.00492549 0 0 4.77903e-268 0 3.46961e-265 0 0.00780101 0 0 0.0199425 2.9775e-99 0 0 0.0139294 0 0 0 0 0 0.00725374 0 0 0 2.39806e-249 0 0 0 
0 0 0.9578 0 0.0136472 0 0.00603809 0 0 0 0 0 0 0 0 0 0 0 0 0 0 0 0 0 0.00365986 0 1.99951e-160 0 0 0 0 0 0 0 0 0 0 0 0 0 7.95794e-104 0 0 0 0 0 0 0.00658818 0.00383497 0 
0 0 0 0.955665 0 0 0 0 0 0 0 0 0 0 0 0 0.00547288 0.00764802 0 0 0.00746057 0.0116686 0.0191738 0 0 0 0 0 2.09652e-308 0 0 0 0 0 0 0 0 0 0 0 0 0.00813698 0 0 0 0 0 0 0 0 
0 0 1.09731e-26 0 0.944566 0 0 0 0 0 0 0 0 0 0 0 0 0 0 0 0 0 0 0 0 0 0 0 1.11558e-308 7.04638e-25 0 0 0 0 0 0 0 0 0 0 0.00568022 0 0 0.0206448 0 0 0 0.00447979 0.0329428 0 
0 0 0 0 0 0.942598 0 0 0 0 0 0 0 0.0209786 0.0183596 0 0 0 0 0 0 0 0 0 0.00366384 0 0 0 0 0 0 0.00379737 0 0 0 0 0 2.52247e-138 0 0 0 0 0 0 0 0.0061019 0 0 0 0 
0 0 0.0140377 0 5.10126e-301 0 0.894093 0.011566 0 0 0 0 0 0 0 0 0 0 0 0 0 0 0 0 0.0191691 0 2.50378e-192 0 0 0 0 0 0 0 0 0 0 0 0 0 0.0241144 0 0 0 0 0.0121956 0 0 0.014715 0.010827 
0 0 0 0 0 0 0.0252344 0.919188 0.00347539 0 0 0 0 0 0 0 0 0 0 0 0 0 0 0 0.0211282 0 0 0 3.27075e-305 0 0 0 0 0 0.0241826 0 0 0 0 1.98599e-88 1.56391e-46 0 0 0 0 0.0150489 0 0 0 0.0334599 
0 0 0 0 0 0 0.00614607 0.00188461 0.931545 0 0 0 0 0 0 0 0 0 1.20131e-255 0.0105161 0 0 0 0 0 0 0 0 1.72188e-311 0 0 0 0 0 0 0 0 0 0.010195 0 0.00595988 0 0 0 0 0 0 0 0 0.0182348 
0 0 0 0 0 0 0 0 0 0.919978 0 0 0 0 0 0 0 0 0.00551664 0 0 0 1.49483e-127 0 0 0.00303053 0 5.16182e-308 2.83291e-310 0.0263529 0 0 6.14103e-249 0.00724664 0 0 0 0 0.0101518 0 0 0 0 0.00781691 0 0 0.00677371 0 0 0 
0 0.00915938 0 0 0 0 0 0 0 0 0.923783 0.010099 0 0 0 0 0.0166523 1.67352e-291 0 0 0.00740777 0 0 0 0 0 0 0 8.51329e-310 0 0 0 0 0 0 0 0.0178019 0 0 0 0 0 0 0 0 0 0 0 0 0 
0 0.00434122 0 0 0 0 0 0 0 0 0.0116765 0.949496 0 0 0 0 0 0 0 0 0 0 0 0 0 0 0 0 0 0 0 0 0 0 0 0 0 0 0 0 0 0 0.0143218 0 0 0 0 0 0 0 
0 0 0 0 0 0 0 0 2.4149e-150 0 0 0 0.93452 0 0 0.00883337 0 0.00380315 0 0.00891097 0 0.00449521 0 0.0033927 0 0.00302431 0 0 2.21803e-299 0 0 0 0 0 0 0 0 0 2.33948e-117 0 2.77103e-264 0.0217999 0 0 0.00584196 0 0 0 0 0 
0 0 0 0 0 0.0178981 0 0 0 0 0 0 0 0.961252 0 0 0 0 0 0 0 0 0 0 0.01464 0 0.0106732 0 3.12798e-306 0 0 0 0 0 0 0 0 0 0 0 0 0 0 0 0 0.00601758 0 0 0 0 
0 0 0 0 0 0.00361439 0 0 0 0 0 0 0 0.00301362 0.915079 0 0 0 0 0 0 5.5899e-122 0 0 0 0 0 0 0.0061648 0 0 0.00416437 0 0 0 0.0216237 0 0.0389727 0 0.00388996 0 0 0 0 0 3.29461e-108 0 0 0 0 
0 0 0 4.01114e-23 0 0 0 0 0 0 0 0 0.00470387 0 0 0.947065 0 0 0 2.84656e-258 0.00720532 0.00765283 1.90128e-98 0 0 0.0090769 0 0 0.0144738 0 0.00223214 0 0 0 0 0 0 0 0 0 0 0.0155002 0 0 0 0 0 0 0 0 
0 0 0 0 0 0 0 0 0 0 0.0116921 0.0202117 0 0 0 0 0.950169 0.0149016 0 0 0 0.0038363 0 0 0 0 0 0 0 0 0 0 0 0 0 0 0 0 0 0 0 4.77173e-277 0 0 0 0 0 0 0 0 
0.0112714 0 0 0.00811537 0 0 0 0 0 0 0 0 0 0 0 0 0.0111348 0.924184 0 0 0.011185 3.293e-206 0 0 0 0 0 0 9.28625e-308 0 0 0 0 0 0 0.0176434 0 0 0 0 0 0.015492 0 0 0 0 0 0 0 0 
0 0.00871214 0 0 0 0 0 0 0.00838035 0.0169798 0 0 0 0 0 0 0 0 0.943804 0 0 0 0 0 0 0 0 0 0 4.07715e-110 0 0 0.00992462 1.45659e-127 0 0 0 0 1.98638e-161 0 0.00303262 0 0 0 0 0 0.0146209 0.00892893 0 3.26979e-269 
0 0 0 0 0 0 0 0 0.00837356 0 0 0 0.00723731 0 0 0 0 0 0 0.955496 0 0 0 1.0191e-172 0 0 0 0 0 0 0 0 0 0 0 0 0 0 0 0 0.00308861 0.015674 0 0 0 0 0 0 0 0 
0 0 0 0 0 0 0 0 0 0 0.0411275 0 0 0 0 0 2.86099e-307 0.00760095 0 0 0.929743 0 0.0151597 0 0 5.75206e-303 0 0.02165 5.19845e-308 0 0 0 0 0 0 0 2.03403e-292 0 0 0 0 0.00385399 0 0 0 0 0 0 0 0 
0 0 0 0.00403001 0 0 0 0 0 0 0 0 6.12855e-252 0 4.62345e-247 4.02641e-248 0 1.32314e-293 0 0 0 0.945124 0 0 0 0 0 0 0.0141497 0 0 0.00746925 0 0 0 0 0 0 0 0.00782666 0 0.0154248 0 0 0.00300754 0 0 0 0 0 
0 0 0 0.00398735 0 0 0 0 0 8.51243e-121 0 0 0 0 0 0.0142446 0.00553117 0 0 0 0.00687632 0 0.916784 0 0 0.00593911 0 0.0178537 0 0 0 0 6.90109e-281 0 0 0 0 0 0 0 0 0.00799812 0 0 0 0 0.0031948 0 0 0 
0 0 0 0 0 0 0 0.00541826 0 0 0 0 0.00749175 0 0 0 0 0 0 0 0 0 0 0.933012 0 0 0 0 0 0 0 4.53515e-226 0 0 0.0184688 0 0 0 0.0134212 0.0197433 0.00304008 0 0 0 9.02213e-139 0 0 0 0 1.26266e-145 
0 0 0 0 0 0.00712055 0.0245874 2.9663e-166 0 0 0 0 0 0.00594811 0 0 0 0 0 0 0 0 0 0 0.930412 0 0.0266741 0 0 0 0 0 0 0 0 0 0 0 0 0 7.38161e-308 0 0 0 0 0.00601737 0 0 0 2.48464e-280 
0 0.00434058 0 0 0 0 0 0 0 1.23396e-42 0 0 0.0289447 0 0 0.0136508 0 0 0 0 0 0 0.00497279 0 0 0.912169 0 0.00308996 0 0 0 0 1.53714e-115 0 0 0 0 0 0.00340692 0 0 0.00470094 0 0 0 0 0.0249016 0 0 0 
0 0 0.0175513 0 0 0 0 0 0 0 0 0 0 0.00297194 0 0 0 0 0 0 0 0 0 0 0 0 0.957323 0 0 0 0 0 0 0 0 0 0 0 0 0 0 0 0 0 0 0 0 0 0.00724513 0 
0 0.0043588 0 0 0 0 0 0 0 0.0158312 0 0 0 0 0 1.07626e-313 0 0 0 0 0.0113752 0 0.00950171 0 0 0.00313325 0 0.931855 5.46313e-309 0 0 0 0.0139483 0 0 0 0 0 0 0 0 0 0 0 0 0 0.00572386 0 0 0 
0 0 0 0 0 0 0 0 0 0 0 0 3.75383e-218 0 7.24106e-312 0 0 4.25643e-263 0 0 0 1.89235e-312 0 0 0 0 0 0 0.965212 0 0 0 0 0 0 0.00302867 0 0 0 0 0 0.00389964 0 0 0 0 0 0 0 0 
0 0.0086824 0 0 0.0194087 0 0 0 0 0.0133929 0 0 0 0 0 0 0 0 0 0 0 0 0 0 0 0 0 0 0 0.919363 0 0 0 0.0326478 0 0 0 0 0 0 0 0 0 0.022969 0 0 0.0030382 0.00220024 0.00360532 0 
0 0 0 0 0 0 0 0 0 0 0 0 0 0 0 0 0 0 0 0.00443722 0 0 0 0 0 0 0 0 0 0 0.997768 0 0 0 0 0 0 0 0 0 0 0 0 0 0 0 0 0 0 0 
0 0 0 0 0 0.0092873 0 0 0 0 0 0 0 0.0027453 0.0152697 0 0 0 0 0 0 0.00403987 0 0 0 0 0 0 0 0 0 0.932935 0 0 0.00477312 0 0 0 0 0.00773362 0 0 0 0 0 0.0183514 0 0 0 0 
0 7.49024e-251 0 0 0 0 0 0 0 0.0135387 0 0 0 0 0 0 0 0 0.00271811 0 0 0 4.86429e-302 0 0 0.0155823 0 0.0112575 1.81315e-308 0 0 0 0.935759 4.18189e-12 0 0 0.00457406 0 0 0 0 0 0 0 0 0 0.0150697 0 0 0 
0 0.00876461 0 0 0 0 0 0 0 1.88719e-75 0 0 0 0 0 0 0 0 0 0 0 0 0 0 0 0 0 0 3.29686e-310 0.00261924 0 0 0.0132415 0.959815 0 0 3.3271e-225 0 0 0 0 0 0.0285958 0 0 0 0 0 0 0 
0 0 0 0 0 9.17979e-21 0 0.0301351 3.28098e-198 0 0 0 0 0 0 0 0 0 0 0 0 0 0 0.0162264 0 0 0 0 0 0 0 0.0210813 0 0 0.917659 0 0 0 0 0.0268457 0 0 0 0 0 0.00750118 0 0 0 0 
0 0 0 0.00400745 0 0 0 0 0 0 0 0 0 0 0.00745814 0 0 0.0418625 0 0 0 0.00387015 0 0 0 0 0 0 9.9815e-186 0 0 0 0 0 0 0.9367 0 0.00863335 0 0 0 0 0 0 0 0 0 0 0 0 
0 0.021304 0 0 0 0 0 0 0 0 0.00588134 0.0100929 0 0 0 0 0.00550361 0 0 0 0 0 0 0 0 0 0 0.0107567 0 0 0 0 0 0 0 0 0.954657 0 0 0 0 0 0 0 0 0 0 0 0 0 
0.0338725 0 0 0 0 0.010718 0 0 0 0 0 0 0 0 0.00736338 0 0 0 0 0 0 0 0 0 0 0 0 0 0 0 0 0 0 0 0 0.0139828 0 0.948068 0 0 0 0 0 0 0 0 0 0 0 0 
0 0 0 0 0 0 0 0 0.0165304 0.00327283 0 0 5.78577e-281 0 0 0 0 0 0.00269474 0 0 0 0 0.0225076 0 0.00299281 0 0 9.13985e-309 0 0 0 3.13316e-259 0 0 0 0 0 0.945709 0 0 0 0 0 0 0 0.0153593 2.12107e-108 0 0 
0 0 0 0 0 0 0 1.04867e-225 0 0 0 0 0.00702606 0 0.00703628 0 0 0 0 0 0 0.0116431 0 0.00357114 0 0 0 0 0 0 0 0.0229631 0 0 0.0195227 0 0 0 0 0.906941 0 5.66529e-105 0 0 0.00601548 0 0 0 0 0 
0 0 0 0 5.7971e-37 0 0.00899084 3.05426e-114 0.0141753 0 0 0 0 0 0 0 0 0 0.0161242 0.0117362 0 0 0 0 0 0 0 0 0 0 0 0 0 0 0 0 0 0 0 0 0.893629 0 0 0 0 0 0 0.0109975 0.0144169 0.0385204 
0 0 0 0.0201784 0 0 0 0 0 0 0 0 0.0100767 0 0 0.016206 0.00553577 8.04659e-21 0 0 0.0187467 7.97551e-67 0.0147422 0 0 0.0181293 0 3.40045e-192 0 0 0 0 0 0 0 0 0 0 0 0.00384608 0 0.88752 0 0 0 0 0 0 0 0 
0 0.0218203 0 0 0 0 0 0 0 0 0 0 0 0 0 0 0 0 0 0 0 0 0 0 0 0 0 0 0 0 0 0 0 0 0 0 0.00903815 0 0 0 0 0 0.949829 0 0 0 0 0 0 0 
0 0 0.00350658 0 0.0113777 0 0 0 0 1.43265e-308 0 0 0 0 0 0 0 0 0 0 0 0 0 0 0 0 0 0 0 0.0207205 0 0 0 0 0 0 0 0 0 0 0 0 0 0.936838 0 0 0 0 0.0109445 0 
0 0 0 0 0 0 0 0 0 0 0 0 0 0 0.00731703 0 0 0 0 0 0 0.00766988 0 0.0212897 0 0 0 0 2.33991e-110 0 0 0 0 0 0.00315069 2.54683e-286 0 0 0 0.0231735 0 0 0 0 0.985135 0 0 0 0 0 
0 0 0 0 0 0.00876398 0.00615989 0.00951728 0 0 0 0 0 0.00309033 0.0221169 0 0 0 0 0 0 0 0 0 0.00732698 0 0 0 0 0 0 0.00758919 0 0 0.0122429 0 0 0 0 0 0 0 0 0 0 0.928766 0 0 0 0 
0 0 0 0 0 0 0 0 0 0.0135335 0 0 3.95419e-314 0 0 0 0 0 0.00798054 0 0 0 0.0147401 0 0 0.0269229 0 0.0035373 5.91877e-308 0.00510793 0 0 0.00718437 0 0 0 0 0 0.017116 0 0 0 0 0 0 0 0.911318 0 0 0 
0 0 0.003511 0 0.00275213 0 0 0 0 2.67726e-51 0 0 0 0 0 0 0 0 0.0106947 0 0 0 0 0 0 0 0 0 1.16271e-310 0.0180358 0 0 0 0.000290119 0 0 0 0 0 0 0.0103054 0 0 1.04688e-204 0 0 0 0.966805 6.76678e-312 0 
0 0 0.00359341 0 0.00824787 0 0.0168343 0 0 0 0 0 0 0 0 0 0 0 0 0 0 0 0 0 1.58944e-74 0 0.00533 0 0 0 0 0 0 0 0 0 0 0 0 0 0.0327226 0 0 0.0117318 0 0 0 5.18164e-25 0.912295 0 
0 0 0 0 0 0 0.0119162 0.022291 0.0175202 0 0 0 0 0 0 0 0 0 0 0.00890336 0 0 0 0 0 0 0 0 2.3542e-313 0 0 0 0 0 0 0 0 0 0 0 0.0184275 0 0 0 0 1.18064e-106 0 0 0 0.898958 


4	350.681 42.7735 379.356 44.5852 
4 4	2132.06 -807.417 1982.47 -849.412 
-807.417 551.717 -720.601 640.187 
1982.47 -720.601 1865.83 -798.492 
-849.412 640.187 -798.492 949.69 


4	180.105 387.887 182.379 403.35 
4 4	1226.78 82.0383 240.558 100.633 
82.0383 1958.44 119.649 608.186 
240.558 119.649 2142.64 614.401 
100.633 608.186 614.401 1442.84 


4	569.626 445.436 596.194 447.642 
4 4	1173 -314.254 715.485 -343.698 
-314.254 685.372 -102.485 683.703 
715.485 -102.485 609.692 -121.075 
-343.698 683.703 -121.075 695.617 


4	276.378 164.495 279.607 164.533 
4 4	315.476 -90.7002 248.798 -82.3058 
-90.7002 418.874 -169.942 164.781 
248.798 -169.942 267.803 -70.5406 
-82.3058 164.781 -70.5406 152.906 


4	446.641 468.629 468.391 472.523 
4 4	2899.8 -71.7896 2255.26 -95.0686 
-71.7896 162.312 -139.331 229.816 
2255.26 -139.331 2245.83 -98.1174 
-95.0686 229.816 -98.1174 381.104 


4	601.963 180.835 627.31 224.528 
4 4	1952.96 1369.04 1539.92 1401.43 
1369.04 2291.09 832.267 2200.01 
1539.92 832.267 1624.91 774.511 
1401.43 2200.01 774.511 3413.32 


4	554.664 375.068 561.991 374.797 
4 4	1363.11 196.738 138.349 793.197 
196.738 770.607 160.41 334.9 
138.349 160.41 578.303 489.766 
793.197 334.9 489.766 1353.13 


4	517.823 308.299 516.99 302.949 
4 4	1362.76 417.968 1350.47 250.224 
417.968 625.545 401.225 413.716 
1350.47 401.225 1442.91 324.048 
250.224 413.716 324.048 510.143 


4	418.605 358.569 458.378 359.274 
4 4	1869.06 -97.6914 10.2764 -48.8595 
-97.6914 261.264 583.274 186.193 
10.2764 583.274 2493.13 407.805 
-48.8595 186.193 407.805 179.091 


4	272.335 426.497 273.252 442.608 
4 4	336.737 272.059 211.628 44.7904 
272.059 1393.6 139.024 411.755 
211.628 139.024 812.115 83.5821 
44.7904 411.755 83.5821 955.163 


4	142.365 240.557 134.31 258.449 
4 4	754.38 29.1006 835.098 -345.229 
29.1006 752.356 308.911 729.216 
835.098 308.911 1173.28 -230.283 
-345.229 729.216 -230.283 1664.78 


4	65.518 309.175 59.5592 288.146 
4 4	337.556 332.71 223.132 266.479 
332.71 2466.86 -82.596 1644.82 
223.132 -82.596 421.128 497.05 
266.479 1644.82 497.05 2974.86 


4	360.817 238.233 368.512 228.662 
4 4	590.622 -401.305 350.813 -281.739 
-401.305 1062.13 -488.54 1177.93 
350.813 -488.54 416.392 -541.137 
-281.739 1177.93 -541.137 1469.37 


4	676.9 263.118 676.143 264.742 
4 4	2050.48 959.546 2033.01 1028.73 
959.546 3393.7 1018.33 3296.11 
2033.01 1018.33 2068.33 1085.03 
1028.73 3296.11 1085.03 3297.93 


4	481.799 132.068 486.573 130.92 
4 4	2823.09 424.241 1533.35 -21.9905 
424.241 475.054 305.512 -125.135 
1533.35 305.512 1500.21 81.4214 
-21.9905 -125.135 81.4214 161.043 


4	306.063 228.619 306.566 229.083 
4 4	354.87 -348.136 347.789 -239.23 
-348.136 608.79 -334.201 465.56 
347.789 -334.201 412.714 -276.213 
-239.23 465.56 -276.213 456.72 


4	171.572 163.235 160.66 164.91 
4 4	1855.98 -513.075 830.891 181.082 
-513.075 1053.77 -114.158 912.094 
830.891 -114.158 1077.02 220.78 
181.082 912.094 220.78 1255.06 


4	258.57 141.83 266.333 121.823 
4 4	1345.27 282.67 1132.45 13.8083 
282.67 1026.67 401.521 94.875 
1132.45 401.521 1154.37 67.5354 
13.8083 94.875 67.5354 153.768 


4	329.052 405.603 313.803 407.82 
4 4	4140.04 126.947 2662.05 -14.1633 
126.947 111.419 -65.399 96.057 
2662.05 -65.399 3491.88 -261.228 
-14.1633 96.057 -261.228 125.005 


4	408.258 320.992 385.748 275.585 
4 4	1659.14 2468.34 848.635 1182.4 
2468.34 3730.74 1182.06 1651.16 
848.635 1182.06 1651.6 2343.38 
1182.4 1651.16 2343.38 3520.07 


4	219.534 231.492 221.504 219.089 
4 4	598.387 185.472 242.055 346.912 
185.472 622.783 50.912 627.762 
242.055 50.912 284.896 19.9552 
346.912 627.762 19.9552 998.898 


4	373.066 164.339 376.847 172.703 
4 4	2914.27 -60.2144 3144.26 -103.31 
-60.2144 77.808 -149.611 101.287 
3144.26 -149.611 4003.92 -299.033 
-103.31 101.287 -299.033 175.222 


4	257.75 242.933 261.82 259.025 
4 4	242.031 -218.792 -62.8806 -168.847 
-218.792 1711.03 -91.3983 1087.97 
-62.8806 -91.3983 111.747 -97.0115 
-168.847 1087.97 -97.0115 1216.09 


4	415.518 255.984 423.202 247.419 
4 4	847.092 -1001.55 431.72 -392.808 
-1001.55 1507.25 -556.994 671.798 
431.72 -556.994 403.534 -431.678 
-392.808 671.798 -431.678 738.768 


4	618.322 356.84 625.572 359.75 
4 4	1066.56 -473.61 351.499 157.742 
-473.61 1288.45 -141.582 -77.0826 
351.499 -141.582 450.779 25.9643 
157.742 -77.0826 25.9643 565.839 


4	293.888 301.75 293.752 297.012 
4 4	422.787 -69.1061 239.004 -29.9214 
-69.1061 538.53 -193.031 469.007 
239.004 -193.031 638.136 -514.72 
-29.9214 469.007 -514.72 1248.92 


4	666.993 423.863 685.568 411.558 
4 4	947.126 -400.858 759.524 -520.96 
-400.858 992.619 -370.242 1222.81 
759.524 -370.242 919.495 -635.267 
-520.96 1222.81 -635.267 1876.76 


4	235.428 306.258 235.027 315.871 
4 4	307.417 169.861 281.209 -19.3993 
169.861 1401.18 144.159 -26.2332 
281.209 144.159 288.783 88.4567 
-19.3993 -26.2332 88.4567 1350.57 


4	365.898 150.797 374.426 133.076 
4 4	250.656 -297.523 198.926 -276.398 
-297.523 526.075 -217.219 329.063 
198.926 -217.219 227.822 -361.71 
-276.398 329.063 -361.71 627.373 


4	312.383 467.08 323.811 463.176 
4 4	2691.31 59.0829 1413.15 274.021 
59.0829 647.268 -306.223 359.692 
1413.15 -306.223 1484.06 -124.972 
274.021 359.692 -124.972 302.911 


4	342.102 221.271 331.872 202.45 
4 4	40.1826 64.0341 -2.68756e-10 5.84635e-11 
64.0341 102.043 -1.48127e-10 4.9738e-12 
-2.68756e-10 -1.48127e-10 1e-06 -1.48957e-10 
5.84635e-11 4.9738e-12 -1.48957e-10 1e-06 


4	507.56 175.352 522.737 186.953 
4 4	1209.86 222.712 4.80851 62.0534 
222.712 405.744 259.96 234.671 
4.80851 259.96 719.218 167.131 
62.0534 234.671 167.131 351.699 


4	223.211 385.691 222.454 384.873 
4 4	346.749 -198.926 214.489 -214.58 
-198.926 1044.48 -386.046 979.261 
214.489 -386.046 364.827 -480.796 
-214.58 979.261 -480.796 1081.33 


4	209.091 455.298 211.443 457.119 
4 4	1418.55 126.802 1444.51 93.3257 
126.802 414.446 -6.89985 401.34 
1444.51 -6.89985 1695.58 -45.3917 
93.3257 401.34 -45.3917 400.68 


4	491.958 243.238 493.206 236.374 
4 4	672.517 -30.9042 530.02 -46.6276 
-30.9042 454.096 -77.2316 177.653 
530.02 -77.2316 684.983 54.3705 
-46.6276 177.653 54.3705 322.585 


4	348.795 105.997 334.798 103.168 
4 4	2473.26 56.2877 1447.83 332.048 
56.2877 231.042 -66.0127 288.137 
1447.83 -66.0127 1722.37 -3.90448 
332.048 288.137 -3.90448 563.136 


4	151.233 339.791 147.06 335.87 
4 4	688.061 197.82 438.014 40.6821 
197.82 583.057 -1.96091 489.241 
438.014 -1.96091 505.369 -116.884 
40.6821 489.241 -116.884 848.467 


4	471.449 87.4194 490.993 97.9513 
4 4	2344.41 814.558 2013.36 734.127 
814.558 639.753 881.917 492.129 
2013.36 881.917 2447.8 932.863 
734.127 492.129 932.863 521.72 


4	348.145 355.066 346.185 355.675 
4 4	597.673 -649.803 278.083 -290.254 
-649.803 1027.24 -125.387 484.269 
278.083 -125.387 503.837 -233.565 
-290.254 484.269 -233.565 425.925 


4	450.532 208.41 457.332 173.761 
4 4	571.092 -96.0651 -115.569 -29.8669 
-96.0651 637.571 -21.5749 30.253 
-115.569 -21.5749 696.393 -34.3186 
-29.8669 30.253 -34.3186 938.801 


4	495.587 397.12 499.981 405.625 
4 4	1001.22 506.334 675.318 -84.8506 
506.334 1162.01 59.2963 43.8844 
675.318 59.2963 1573.2 -76.8174 
-84.8506 43.8844 -76.8174 241.171 


4	318.557 216.097 308.372 205.404 
4 4	1478.3 -87.7999 688.164 334.501 
-87.7999 670.258 -202.173 88.6123 
688.164 -202.173 1409.21 150.982 
334.501 88.6123 150.982 743.542 


4	120.278 419.175 109.304 431.451 
4 4	871.497 -481.28 595.677 -389.12 
-481.28 824.584 -153.43 651.29 
595.677 -153.43 723.194 -29.8476 
-389.12 651.29 -29.8476 612.765 


4	395.305 510.621 427.363 505.546 
4 4	2384.57 192.243 1627.02 -28.6577 
192.243 971.755 -736.984 877.608 
1627.02 -736.984 3150.22 -975.754 
-28.6577 877.608 -975.754 957.018 


4	420.298 190.451 421.619 187.446 
4 4	51.6868 -19.4483 68.2794 7.65837 
-19.4483 622.668 -62.6878 528.422 
68.2794 -62.6878 293.061 231.624 
7.65837 528.422 231.624 821.116 


4	561.104 257.749 559.848 222.561 
4 4	989.09 251.795 661.98 147.891 
251.795 2261.25 423.065 645.458 
661.98 423.065 662.044 316.203 
147.891 645.458 316.203 2328.96 


4	291.613 351.988 299.161 370.805 
4 4	1045.97 266.022 398.76 337.06 
266.022 735.464 -70.6613 79.6273 
398.76 -70.6613 727.175 432.746 
337.06 79.6273 432.746 744.96 


4	415.173 423.561 435.182 426.556 
4 4	3284.55 -106.809 2839.82 -82.6693 
-106.809 237.727 -147.88 239.769 
2839.82 -147.88 3278.4 -136.853 
-82.6693 239.769 -136.853 244.881 


4	524.802 444.905 545.208 445.932 
4 4	2348.61 -43.6876 765.807 -175.347 
-43.6876 860.901 130.289 85.9508 
765.807 130.289 2724.92 -327.27 
-175.347 85.9508 -327.27 286.045 


4	489.519 344.398 500.864 353.223 
4 4	739.485 346.777 248.434 141.869 
346.777 722.787 179.886 135.871 
248.434 179.886 310.579 109.429 
141.869 135.871 109.429 174.419 


