13 14

0.0409647
14	-0.466464 0.502245 0.709679 -0.809906 0.534582 -0.621648 0.53951 -0.631087 0.549771 -0.645875 -0.465356 0.502267 0.710303 -0.808571 
14 14	0.800953 -0.478188 -0.0502203 -0.106917 -0.0315715 -0.0802406 -0.0531955 -0.068125 -0.0733587 -0.0598894 0.795 -0.475826 -0.052777 -0.105917 
-0.478188 0.905095 -0.100434 -0.00402834 -0.0617403 -0.00196346 -0.0484476 -0.0253033 -0.038177 -0.0490024 -0.477766 0.899559 -0.101019 -0.00791142 
-0.0502203 -0.100434 0.223108 0.00550174 0.135316 0.00469748 0.137702 0.00454273 0.141992 0.00670981 -0.0443909 -0.10021 0.222914 0.00643556 
-0.106917 -0.00402834 0.00550174 0.216398 0.00540274 0.133859 0.00587597 0.137541 0.00689354 0.143724 -0.10647 0.00130079 0.00556561 0.215744 
-0.0315715 -0.0617403 0.135316 0.00540274 0.22506 -0.0643752 0.195571 -0.0429896 0.172334 -0.0230286 -0.0485626 -0.0521758 0.135294 0.00581426 
-0.0802406 -0.00196346 0.00469748 0.133859 -0.0643752 0.245668 -0.042276 0.21139 -0.0222633 0.185619 -0.0704774 -0.0219139 0.00469223 0.133792 
-0.0531955 -0.0484476 0.137702 0.00587597 0.195571 -0.042276 0.230061 -0.0632881 0.200348 -0.0382979 -0.065408 -0.0418969 0.136918 0.00572674 
-0.068125 -0.0253033 0.00454273 0.137541 -0.0429896 0.21139 -0.0632881 0.253875 -0.0380437 0.220292 -0.061342 -0.0396591 0.00403332 0.136825 
-0.0733587 -0.038177 0.141992 0.00689354 0.172334 -0.0222633 0.200348 -0.0380437 0.239784 -0.0576708 -0.0809675 -0.034796 0.140377 0.00623105 
-0.0598894 -0.0490024 0.00670981 0.143724 -0.0230286 0.185619 -0.0382979 0.220292 -0.0576708 0.270015 -0.056224 -0.058167 0.00579295 0.142343 
0.795 -0.477766 -0.0443909 -0.10647 -0.0485626 -0.0704774 -0.065408 -0.061342 -0.0809675 -0.056224 0.794106 -0.47775 -0.0472657 -0.105644 
-0.475826 0.899559 -0.10021 0.00130079 -0.0521758 -0.0219139 -0.0418969 -0.0396591 -0.034796 -0.058167 -0.47775 0.899788 -0.101015 -0.00292096 
-0.052777 -0.101019 0.222914 0.00556561 0.135294 0.00469223 0.136918 0.00403332 0.140377 0.00579295 -0.0472657 -0.101015 0.223649 0.00721989 
-0.105917 -0.00791142 0.00643556 0.215744 0.00581426 0.133792 0.00572674 0.136825 0.00623105 0.142343 -0.105644 -0.00292096 0.00721989 0.215906 


0.0626097
14	1.58659e-07 -4.50945e-08 3.17393e-07 -4.22962e-07 2.47055e-07 -5.39018e-08 2.49641e-07 -5.55806e-08 2.50371e-07 -5.82265e-08 1.70006e-07 -6.51935e-08 1.95107e-07 -4.97891e-07 
14 14	0.967784 0.0134202 0.135083 0.00229414 0.155155 0.00153529 0.109696 0.00113073 0.0644388 0.00032561 0.957882 0.0132908 0.115271 0.00272674 
0.0134202 0.17975 0.00409934 0.0410552 0.00314984 0.0177545 0.00275235 0.0116344 0.00258254 0.00516306 0.0133443 0.1812 0.00375605 0.0394636 
0.135083 0.00409934 1.76006 0.0263541 1.07219 0.013743 1.11082 0.0136542 1.16209 0.0142831 0.192355 0.00516343 1.66158 0.0255212 
0.00229414 0.0410552 0.0263541 0.716712 0.0196707 0.120658 0.0198725 0.108672 0.0208519 0.10358 0.00232583 0.102843 0.0256029 0.739705 
0.155155 0.00314984 1.07219 0.0196707 1.02814 0.0127516 1.0211 0.0120494 1.01796 0.0117762 0.146397 0.00356305 0.978956 0.019166 
0.00153529 0.0177545 0.013743 0.120658 0.0127516 0.0871508 0.0123835 0.0812987 0.012297 0.0773086 0.00122197 0.0221172 0.0132974 0.105933 
0.109696 0.00275235 1.11082 0.0198725 1.0211 0.0123835 1.13442 0.0127088 1.13125 0.0124684 0.108137 0.00325803 1.00953 0.0193457 
0.00113073 0.0116344 0.0136542 0.108672 0.0120494 0.0812987 0.0127088 0.0911028 0.0127495 0.0880188 0.000912511 0.0162117 0.0132226 0.0905456 
0.0644388 0.00258254 1.16209 0.0208519 1.01796 0.012297 1.13125 0.0127495 1.27858 0.0136581 0.0718724 0.00327378 1.04991 0.0201811 
0.00032561 0.00516306 0.0142831 0.10358 0.0117762 0.0773086 0.0124684 0.0880188 0.0136581 0.103637 0.000194338 0.0102003 0.0138674 0.08184 
0.957882 0.0133443 0.192355 0.00232583 0.146397 0.00122197 0.108137 0.000912511 0.0718724 0.000194338 0.960586 0.0133151 0.165011 0.00272692 
0.0132908 0.1812 0.00516343 0.102843 0.00356305 0.0221172 0.00325803 0.0162117 0.00327378 0.0102003 0.0133151 0.190523 0.00478983 0.0995668 
0.115271 0.00375605 1.66158 0.0256029 0.978956 0.0132974 1.00953 0.0132226 1.04991 0.0138674 0.165011 0.00478983 1.61256 0.0248477 
0.00272674 0.0394636 0.0255212 0.739705 0.019166 0.105933 0.0193457 0.0905456 0.0201811 0.08184 0.00272692 0.0995668 0.0248477 0.79663 


0.0850123
14	-2.76343e-08 3.10623e-08 8.08881e-08 -1.01864e-09 4.08481e-08 -3.19467e-08 4.32423e-08 -3.25182e-08 4.59483e-08 -3.69194e-08 -2.56703e-08 3.61142e-08 8.37919e-08 -4.27998e-09 
14 14	0.942478 0.650268 -0.374292 -0.263932 -0.267907 -0.198086 -0.290387 -0.213454 -0.313381 -0.228028 0.935165 0.647332 -0.376585 -0.264497 
0.650268 1.00622 -0.256302 -0.386835 -0.198202 -0.2818 -0.212702 -0.305054 -0.227496 -0.329955 0.648396 0.999472 -0.256313 -0.389474 
-0.374292 -0.256302 0.645537 0.495045 0.448411 0.375239 0.456107 0.382756 0.468328 0.391303 -0.366762 -0.255844 0.645484 0.494043 
-0.263932 -0.386835 0.495045 0.719574 0.368377 0.509316 0.373837 0.520094 0.38183 0.535915 -0.262799 -0.379982 0.495515 0.718219 
-0.267907 -0.198202 0.448411 0.368377 0.434032 0.334757 0.413929 0.323304 0.401996 0.315589 -0.280297 -0.20533 0.44872 0.36758 
-0.198086 -0.2818 0.375239 0.509316 0.334757 0.490915 0.321545 0.470505 0.312881 0.458731 -0.204755 -0.295594 0.375363 0.508838 
-0.290387 -0.212702 0.456107 0.373837 0.413929 0.321545 0.448057 0.345262 0.429296 0.33238 -0.299034 -0.217594 0.455772 0.373499 
-0.213454 -0.305054 0.382756 0.520094 0.323304 0.470505 0.345262 0.510298 0.331399 0.490801 -0.217916 -0.31473 0.383329 0.519012 
-0.313381 -0.227496 0.468328 0.38183 0.401996 0.312881 0.429296 0.331399 0.470437 0.356332 -0.318235 -0.22989 0.467259 0.381977 
-0.228028 -0.329955 0.391303 0.535915 0.315589 0.458731 0.33238 0.490801 0.356332 0.538443 -0.229999 -0.33553 0.392256 0.534208 
0.935165 0.648396 -0.366762 -0.262799 -0.280297 -0.204755 -0.299034 -0.217916 -0.318235 -0.229999 0.932155 0.647333 -0.369363 -0.263169 
0.647332 0.999472 -0.255844 -0.379982 -0.20533 -0.295594 -0.217594 -0.31473 -0.22989 -0.33553 0.647333 0.997303 -0.255626 -0.382945 
-0.376585 -0.256313 0.645484 0.495515 0.44872 0.375363 0.455772 0.383329 0.467259 0.392256 -0.369363 -0.255626 0.646221 0.493891 
-0.264497 -0.389474 0.494043 0.718219 0.36758 0.508838 0.373499 0.519012 0.381977 0.534208 -0.263169 -0.382945 0.493891 0.717585 


0.0992128
14	-8.78972e-07 1.96371e-07 -1.64966e-06 -1.82904e-06 5.14552e-08 -1.94501e-07 5.1457e-08 -1.94486e-07 5.14566e-08 -1.94505e-07 -1.23187e-06 8.29465e-07 -1.65013e-06 -1.83315e-06 
14 14	0.536932 -3.09145e-06 0.0259856 -3.45818e-06 0.00214084 -3.2236e-07 0.00214085 -3.23088e-07 0.00214076 -3.27056e-07 0.547302 -3.31465e-06 0.0260097 -3.45802e-06 
-3.09145e-06 0.651214 -2.83962e-06 0.060814 -4.35025e-07 0.00169006 -4.3618e-07 0.00168913 -4.40161e-07 0.00168916 -3.27016e-06 0.666084 -2.83976e-06 0.0608381 
0.0259856 -2.83962e-06 0.502416 -3.59293e-06 0.0223713 -3.55593e-07 0.0223714 -3.56117e-07 0.022372 -3.59129e-07 0.0797045 -2.77776e-06 0.502386 -3.5933e-06 
-3.45818e-06 0.060814 -3.59293e-06 0.530385 -3.94535e-07 0.0235488 -3.94962e-07 0.0235489 -3.97994e-07 0.0235498 -3.39014e-06 0.11781 -3.59319e-06 0.530355 
0.00214084 -4.35025e-07 0.0223713 -3.94535e-07 0.00274265 -8.40888e-09 0.00274273 -8.39125e-09 0.00274276 -8.39172e-09 0.00456176 -4.50823e-07 0.0223716 -3.94556e-07 
-3.2236e-07 0.00169006 -3.55593e-07 0.0235488 -8.40888e-09 0.00294782 -8.36196e-09 0.00294789 -8.36198e-09 0.00294801 -3.31361e-07 0.0042116 -3.55571e-07 0.0235492 
0.00214085 -4.3618e-07 0.0223714 -3.94962e-07 0.00274273 -8.36196e-09 0.00274381 -8.32961e-09 0.0027429 -8.33022e-09 0.00456148 -4.5147e-07 0.0223717 -3.94982e-07 
-3.23088e-07 0.00168913 -3.56117e-07 0.0235489 -8.39125e-09 0.00294789 -8.32961e-09 0.00294897 -8.34646e-09 0.00294818 -3.31898e-07 0.00421097 -3.5609e-07 0.0235493 
0.00214076 -4.40161e-07 0.022372 -3.97994e-07 0.00274276 -8.36198e-09 0.0027429 -8.34646e-09 0.00274387 -8.34376e-09 0.00456184 -4.55335e-07 0.0223723 -3.98015e-07 
-3.27056e-07 0.00168916 -3.59129e-07 0.0235498 -8.39172e-09 0.00294801 -8.33022e-09 0.00294818 -8.34376e-09 0.00294922 -3.35448e-07 0.00421065 -3.59108e-07 0.0235502 
0.547302 -3.27016e-06 0.0797045 -3.39014e-06 0.00456176 -3.31361e-07 0.00456148 -3.31898e-07 0.00456184 -3.35448e-07 0.564491 -3.50657e-06 0.0797291 -3.38996e-06 
-3.31465e-06 0.666084 -2.77776e-06 0.11781 -4.50823e-07 0.0042116 -4.5147e-07 0.00421097 -4.55335e-07 0.00421065 -3.50657e-06 0.688194 -2.77785e-06 0.117835 
0.0260097 -2.83976e-06 0.502386 -3.59319e-06 0.0223716 -3.55571e-07 0.0223717 -3.5609e-07 0.0223723 -3.59108e-07 0.0797291 -2.77785e-06 0.502357 -3.59356e-06 
-3.45802e-06 0.0608381 -3.5933e-06 0.530355 -3.94556e-07 0.0235492 -3.94982e-07 0.0235493 -3.98015e-07 0.0235502 -3.38996e-06 0.117835 -3.59356e-06 0.530326 


0.0498337
14	1.48534e-07 -9.82809e-07 1.48968e-07 8.597e-08 1.79642e-07 -1.34088e-07 1.78138e-07 -1.31429e-07 1.75317e-07 -1.36752e-07 1.54889e-07 -8.85448e-07 4.10916e-08 -7.78328e-08 
14 14	0.185017 0.0246342 0.00392048 -0.000555768 0.00904563 -0.00200339 0.00456975 -0.00222401 0.00188207 -0.00200099 0.182644 0.0247921 0.00243347 -0.000911546 
0.0246342 2.17206 0.0055293 0.281862 0.00041228 0.40496 -0.000661647 0.256619 -0.000926406 0.143931 0.0247732 2.1168 0.0059779 0.222573 
0.00392048 0.0055293 0.602369 0.0423013 0.0971637 0.0336897 0.0828121 0.0341823 0.0743751 0.0344025 0.0478029 0.00525563 0.658748 0.0415055 
-0.000555768 0.281862 0.0423013 2.55063 0.0251948 2.18811 0.0245651 2.20569 0.0243665 2.21109 0.000550323 0.252457 0.0417235 2.40369 
0.00904563 0.00041228 0.0971637 0.0251948 0.0990606 0.0249989 0.0901143 0.0238331 0.08455 0.0229152 0.00731079 -0.000412551 0.0904771 0.0248173 
-0.00200339 0.40496 0.0336897 2.18811 0.0249989 2.84722 0.0230663 2.64278 0.022077 2.42328 -0.00175011 0.259263 0.0329128 2.02597 
0.00456975 -0.000661647 0.0828121 0.0245651 0.0901143 0.0230663 0.107949 0.0250734 0.104909 0.0239104 0.00412114 -0.00129198 0.0704789 0.0242387 
-0.00222401 0.256619 0.0341823 2.20569 0.0238331 2.64278 0.0250734 2.93432 0.0237158 2.7185 -0.00170987 0.154247 0.0335748 2.03214 
0.00188207 -0.000926406 0.0743751 0.0243665 0.08455 0.022077 0.104909 0.0237158 0.13034 0.0252118 0.00233382 -0.00154195 0.056622 0.0240988 
-0.00200099 0.143931 0.0344025 2.21109 0.0229152 2.42328 0.0239104 2.7185 0.0252118 3.01743 -0.00129929 0.0795851 0.0339918 2.02438 
0.182644 0.0247732 0.0478029 0.000550323 0.00731079 -0.00175011 0.00412114 -0.00170987 0.00233382 -0.00129929 0.186718 0.0251145 0.0464348 0.000165235 
0.0247921 2.1168 0.00525563 0.252457 -0.000412551 0.259263 -0.00129198 0.154247 -0.00154195 0.0795851 0.0251145 2.09248 0.00578244 0.188305 
0.00243347 0.0059779 0.658748 0.0417235 0.0904771 0.0329128 0.0704789 0.0335748 0.056622 0.0339918 0.0464348 0.00578244 0.754422 0.0410005 
-0.000911546 0.222573 0.0415055 2.40369 0.0248173 2.02597 0.0242387 2.03214 0.0240988 2.02438 0.000165235 0.188305 0.0410005 2.31957 


0.111954
14	8.54417e-07 -4.41933e-06 4.48117e-07 4.89429e-07 1.32499e-07 -4.34174e-07 1.32292e-07 -4.39704e-07 1.3602e-07 -4.35642e-07 8.41777e-07 -4.01146e-06 4.48117e-07 4.89435e-07 
14 14	1.51262 0.00545004 0.449071 0.000724875 0.193978 -0.000550692 -0.0332568 -0.000268278 -0.182888 7.42353e-05 1.49458 0.00563392 0.449073 0.000724704 
0.00545004 2.22389 0.000496387 0.661043 -0.000665559 0.349521 -0.000342458 0.0772996 -2.43584e-05 -0.117358 0.00563839 2.1971 0.0004963 0.661046 
0.449071 0.000496387 1.64109 -0.00066875 1.46975 0.000457441 1.38691 0.00025879 1.27058 -0.000102644 0.404717 0.000325796 1.64109 -0.000668676 
0.000724875 0.661043 -0.00066875 2.05069 0.000449578 1.86939 0.000178439 1.77977 -0.000201101 1.64622 0.000546175 0.5977 -0.000668727 2.05069 
0.193978 -0.000665559 1.46975 0.000449578 2.92066 0.00167155 2.53813 0.00130383 2.16773 0.000767442 -0.0759754 -0.000874977 1.46976 0.000449661 
-0.000550692 0.349521 0.000457441 1.86939 0.00167155 3.52714 0.0012482 3.11878 0.000723478 2.68932 -0.000760757 0.0280324 0.000457473 1.86939 
-0.0332568 -0.000342458 1.38691 0.000178439 2.53813 0.0012482 2.81128 0.0012589 2.43393 0.000791209 -0.248835 -0.000498364 1.38692 0.000178534 
-0.000268278 0.0772996 0.00025879 1.77977 0.00130383 3.11878 0.0012589 3.43508 0.000780435 3.00482 -0.000421234 -0.183264 0.000258792 1.77976 
-0.182888 -2.43584e-05 1.27058 -0.000201101 2.16773 0.000723478 2.43393 0.000780435 2.67094 0.000576281 -0.350987 -0.000130844 1.27058 -0.000201052 
7.42353e-05 -0.117358 -0.000102644 1.64622 0.000767442 2.68932 0.000791209 3.00482 0.000576281 3.26904 -2.7206e-05 -0.32201 -0.000102614 1.64621 
1.49458 0.00563839 0.404717 0.000546175 -0.0759754 -0.000760757 -0.248835 -0.000421234 -0.350987 -2.7206e-05 1.52633 0.0058443 0.404718 0.000546012 
0.00563392 2.1971 0.000325796 0.5977 -0.000874977 0.0280324 -0.000498364 -0.183264 -0.000130844 -0.32201 0.0058443 2.22859 0.000325716 0.597703 
0.449073 0.0004963 1.64109 -0.000668727 1.46976 0.000457473 1.38692 0.000258792 1.27058 -0.000102614 0.404718 0.000325716 1.64109 -0.000668655 
0.000724704 0.661046 -0.000668676 2.05069 0.000449661 1.86939 0.000178534 1.77976 -0.000201052 1.64621 0.000546012 0.597703 -0.000668655 2.05069 


0.208092
14	1.25988e-07 -1.26333e-07 2.27812e-07 -2.27707e-07 9.44178e-08 -1.09309e-07 9.42329e-08 -1.09297e-07 9.35936e-08 -1.10236e-07 1.098e-07 -1.03607e-07 2.27813e-07 -2.27707e-07 
14 14	0.286143 5.61116e-05 -0.0493529 0.000693321 -0.0366064 0.000221215 -0.0503369 9.90864e-05 -0.0641682 -3.77908e-05 0.282924 8.94887e-05 -0.0493558 0.000693319 
5.61116e-05 0.490821 0.000746564 -0.0720583 0.000233252 -0.0730241 9.75972e-05 -0.0987868 -4.08425e-05 -0.121629 9.02966e-05 0.48845 0.000746916 -0.072063 
-0.0493529 0.000746564 0.39539 0.000182217 0.283323 0.000593694 0.28148 0.000523118 0.284578 0.000531688 -0.0477315 0.000670631 0.39539 0.000182153 
0.000693321 -0.0720583 0.000182217 0.605393 0.000591354 0.438441 0.00052242 0.433976 0.000511331 0.437195 0.000620082 -0.0693844 0.000182209 0.605395 
-0.0366064 0.000233252 0.283323 0.000591354 0.299827 0.000971413 0.281466 0.000814271 0.271912 0.000713007 -0.0488068 0.000145679 0.283322 0.000591282 
0.000221215 -0.0730241 0.000593694 0.438441 0.000971413 0.473982 0.000824269 0.447976 0.000711348 0.43309 0.000136368 -0.0934175 0.000593716 0.438441 
-0.0503369 9.75972e-05 0.28148 0.00052242 0.281466 0.000824269 0.304326 0.000789459 0.289547 0.00079454 -0.0604929 3.65806e-05 0.28148 0.000522361 
9.90864e-05 -0.0987868 0.000523118 0.433976 0.000814271 0.447976 0.000789459 0.479586 0.000782175 0.45968 4.16716e-05 -0.116042 0.000523142 0.433976 
-0.0641682 -4.08425e-05 0.284578 0.000511331 0.271912 0.000711348 0.289547 0.000782175 0.322803 0.000784479 -0.0726519 -7.91008e-05 0.284577 0.000511265 
-3.77908e-05 -0.121629 0.000531688 0.437195 0.000713007 0.43309 0.00079454 0.45968 0.000784479 0.505016 -7.26271e-05 -0.136153 0.00053169 0.437196 
0.282924 9.02966e-05 -0.0477315 0.000620082 -0.0488068 0.000136368 -0.0604929 4.16716e-05 -0.0726519 -7.26271e-05 0.282809 0.000133536 -0.0477345 0.000620082 
8.94887e-05 0.48845 0.000670631 -0.0693844 0.000145679 -0.0934175 3.65806e-05 -0.116042 -7.91008e-05 -0.136153 0.000133536 0.491049 0.000670978 -0.069389 
-0.0493558 0.000746916 0.39539 0.000182209 0.283322 0.000593716 0.28148 0.000523142 0.284577 0.00053169 -0.0477345 0.000670978 0.39539 0.000182151 
0.000693319 -0.072063 0.000182153 0.605395 0.000591282 0.438441 0.000522361 0.433976 0.000511265 0.437196 0.000620082 -0.069389 0.000182151 0.605397 


0.058233
14	1.98605e-08 -2.53798e-06 -6.07085e-10 -4.35766e-06 -4.16109e-16 -4.52239e-07 8.79652e-15 -4.46542e-07 1.61431e-11 -4.52989e-07 1.98561e-08 -1.80144e-06 -6.05932e-10 -4.35779e-06 
14 14	0.0367246 -8.65586e-06 0.00192671 -1.12954e-06 4.06753e-07 1.25726e-06 1.9723e-08 1.79459e-06 -0.000813927 2.6292e-06 0.0365572 -9.08273e-06 0.00192268 -1.12411e-06 
-8.65586e-06 1.63532 3.04921e-06 -0.0677457 -9.35204e-14 -0.109006 1.10363e-10 -0.220977 7.94018e-07 -0.298413 -8.32521e-06 1.61684 2.90431e-06 -0.0677555 
0.00192671 3.04921e-06 0.0028199 -5.49914e-06 -5.53243e-08 -5.00991e-07 -6.29755e-09 -1.51656e-06 1.92641e-05 -1.816e-06 0.00195048 2.41856e-06 0.00281803 -5.50189e-06 
-1.12954e-06 -0.0677457 -5.49914e-06 1.44656 -5.29172e-12 1.16659 1.35727e-10 1.11125 1.65028e-07 1.08211 -1.21244e-06 -0.0940413 -5.28342e-06 1.44655 
4.06753e-07 -9.35204e-14 -5.53243e-08 -5.29172e-12 1.00001e-06 1.35488e-09 -6.31784e-12 9.51762e-10 1.5991e-07 7.71961e-10 3.51567e-07 -1.85177e-10 -5.53553e-08 -7.44984e-12 
1.25726e-06 -0.109006 -5.00991e-07 1.16659 1.35488e-09 1.42932 9.12771e-11 1.30247 -2.83347e-08 1.19572 1.39195e-06 -0.197658 -4.60952e-07 1.16658 
1.9723e-08 1.10363e-10 -6.29755e-09 1.35727e-10 -6.31784e-12 9.12771e-11 1e-06 -3.28534e-09 3.8734e-07 -2.87144e-09 2.56284e-08 -8.17626e-10 -6.37444e-09 1.35408e-10 
1.79459e-06 -0.220977 -1.51656e-06 1.11125 9.51762e-10 1.30247 -3.28534e-09 1.37835 -1.10014e-07 1.27672 1.68348e-06 -0.291601 -1.42806e-06 1.11124 
-0.000813927 7.94018e-07 1.92641e-05 1.65028e-07 1.5991e-07 -2.83347e-08 3.8734e-07 -1.10014e-07 0.000974331 -2.22267e-07 -0.000811939 8.24816e-07 1.89777e-05 1.65159e-07 
2.6292e-06 -0.298413 -1.816e-06 1.08211 7.71961e-10 1.19572 -2.87144e-09 1.27672 -2.22267e-07 1.36858 2.42044e-06 -0.354415 -1.71615e-06 1.08209 
0.0365572 -8.32521e-06 0.00195048 -1.21244e-06 3.51567e-07 1.39195e-06 2.56284e-08 1.68348e-06 -0.000811939 2.42044e-06 0.0364236 -8.81794e-06 0.00194623 -1.2074e-06 
-9.08273e-06 1.61684 2.41856e-06 -0.0940413 -1.85177e-10 -0.197658 -8.17626e-10 -0.291601 8.24816e-07 -0.354415 -8.81794e-06 1.61486 2.30301e-06 -0.0940498 
0.00192268 2.90431e-06 0.00281803 -5.28342e-06 -5.53553e-08 -4.60952e-07 -6.37444e-09 -1.42806e-06 1.89777e-05 -1.71615e-06 0.00194623 2.30301e-06 0.00281716 -5.28621e-06 
-1.12411e-06 -0.0677555 -5.50189e-06 1.44655 -7.44984e-12 1.16658 1.35408e-10 1.11124 1.65159e-07 1.08209 -1.2074e-06 -0.0940498 -5.28621e-06 1.44654 


0.0675744
14	3.17254e-08 1.80876e-08 -1.21553e-07 9.03968e-08 -1.08724e-07 9.38829e-08 -1.00355e-07 8.53417e-08 -9.5524e-08 8.3146e-08 9.0611e-09 1.04952e-09 -8.9563e-08 1.02456e-07 
14 14	2.37289 0.0055808 0.517003 -0.00130436 0.517804 -0.00444346 0.253455 -0.00479156 0.0291797 -0.00446577 2.31467 0.00595976 0.43383 -0.00117703 
0.0055808 1.64071 0.00153187 0.38294 -0.00367867 0.336072 -0.00349118 0.137654 -0.00336839 -0.0373207 0.00627451 1.61103 0.00186031 0.326572 
0.517003 0.00153187 2.64312 0.0124148 2.16421 0.0169282 2.08281 0.0160991 1.97011 0.0153633 0.489089 0.000411534 2.57523 0.0127457 
-0.00130436 0.38294 0.0124148 2.05549 0.0155923 1.42939 0.0139467 1.35501 0.0126474 1.2717 -0.002504 0.40006 0.0134763 2.02903 
0.517804 -0.00367867 2.16421 0.0155923 3.77264 0.0237881 3.41943 0.0210175 2.99273 0.0182957 0.236417 -0.00547019 2.00042 0.0159693 
-0.00444346 0.336072 0.0169282 1.42939 0.0237881 2.58759 0.0202338 2.34806 0.0166502 2.07849 -0.00634493 0.141185 0.0182337 1.3099 
0.253455 -0.00349118 2.08281 0.0139467 3.41943 0.0202338 3.84428 0.0204407 3.43699 0.0179168 0.032832 -0.00483762 1.90888 0.0143991 
-0.00479156 0.137654 0.0160991 1.35501 0.0210175 2.34806 0.0204407 2.64572 0.0169151 2.39983 -0.00629787 -0.0185418 0.0173212 1.22518 
0.0291797 -0.00336839 1.97011 0.0126474 2.99273 0.0166502 3.43699 0.0169151 3.81585 0.0177442 -0.136192 -0.00434686 1.79198 0.0131848 
-0.00446577 -0.0373207 0.0153633 1.2717 0.0182957 2.07849 0.0179168 2.39983 0.0177442 2.6886 -0.00567586 -0.156566 0.0164515 1.13635 
2.31467 0.00627451 0.489089 -0.002504 0.236417 -0.00634493 0.032832 -0.00629787 -0.136192 -0.00567586 2.31184 0.00684842 0.41368 -0.00236189 
0.00595976 1.61103 0.000411534 0.40006 -0.00547019 0.141185 -0.00483762 -0.0185418 -0.00434686 -0.156566 0.00684842 1.62351 0.000688699 0.349772 
0.43383 0.00186031 2.57523 0.0134763 2.00042 0.0182337 1.90888 0.0173212 1.79198 0.0164515 0.41368 0.000688699 2.55476 0.0135908 
-0.00117703 0.326572 0.0127457 2.02903 0.0159693 1.3099 0.0143991 1.22518 0.0131848 1.13635 -0.00236189 0.349772 0.0135908 2.04723 


0.0550684
14	-2.7316e-06 7.23427e-10 -2.32325e-06 -2.35104e-09 1.97379e-07 -2.12739e-08 2.03001e-07 -2.19435e-08 2.04006e-07 -2.18144e-08 -3.16167e-06 1.75818e-08 -2.32326e-06 -2.35371e-09 
14 14	2.88634 0.000532265 0.306319 -0.000100125 0.0985815 -0.000425256 -0.0640277 -0.000304171 -0.222381 -0.000186509 2.87154 0.000606187 0.306262 -0.000114379 
0.000532265 0.0681835 -0.000505899 0.000935218 -0.000566381 0.00352323 -0.000593183 -0.0025916 -0.000544134 -0.00989259 0.00056404 0.0664594 -0.000505688 0.000641353 
0.306319 -0.000505899 2.01359 -2.87955e-05 1.70667 5.10908e-05 1.6758 -1.26956e-05 1.65102 -0.000126198 0.26638 -0.000519547 2.01359 -1.98912e-05 
-0.000100125 0.000935218 -2.87955e-05 0.0033728 1.66152e-07 0.0021104 -2.30384e-05 0.00203403 -3.71475e-05 0.00188214 -0.000101463 0.000819257 -2.9019e-05 0.00334199 
0.0985815 -0.000566381 1.70667 1.66152e-07 2.29014 3.90007e-05 2.15942 4.75679e-06 2.01779 -6.75621e-05 -0.0646995 -0.000577745 1.70664 1.01958e-05 
-0.000425256 0.00352323 5.10908e-05 0.0021104 3.90007e-05 0.04023 5.85807e-05 0.0333522 3.47252e-05 0.0283522 -0.00042261 -0.00187536 5.08863e-05 0.00212986 
-0.0640277 -0.000593183 1.6758 -2.30384e-05 2.15942 5.85807e-05 2.30257 -4.58231e-05 2.1803 -0.000114797 -0.203445 -0.000609703 1.67577 -1.04521e-05 
-0.000304171 -0.0025916 -1.26956e-05 0.00203403 4.75679e-06 0.0333522 -4.58231e-05 0.0457508 -5.99844e-05 0.0410374 -0.00030666 -0.0067651 -1.30847e-05 0.00202408 
-0.222381 -0.000544134 1.65102 -3.71475e-05 2.01779 3.47252e-05 2.1803 -5.99844e-05 2.33895 -0.00025237 -0.336094 -0.000562859 1.651 -2.35776e-05 
-0.000186509 -0.00989259 -0.000126198 0.00188214 -6.75621e-05 0.0283522 -0.000114797 0.0410374 -0.00025237 0.0599128 -0.000193942 -0.0134498 -0.000126638 0.00184769 
2.87154 0.00056404 0.26638 -0.000101463 -0.0646995 -0.00042261 -0.203445 -0.00030666 -0.336094 -0.000193942 2.88629 0.000636581 0.266328 -0.000116231 
0.000606187 0.0664594 -0.000519547 0.000819257 -0.000577745 -0.00187536 -0.000609703 -0.0067651 -0.000562859 -0.0134498 0.000636581 0.0659688 -0.000519358 0.000511011 
0.306262 -0.000505688 2.01359 -2.9019e-05 1.70664 5.08863e-05 1.67577 -1.30847e-05 1.651 -0.000126638 0.266328 -0.000519358 2.01359 -2.00792e-05 
-0.000114379 0.000641353 -1.98912e-05 0.00334199 1.01958e-05 0.00212986 -1.04521e-05 0.00202408 -2.35776e-05 0.00184769 -0.000116231 0.000511011 -2.00792e-05 0.00333434 


0.0409647
14	0.466464 -0.502245 -0.709679 0.809906 -0.534582 0.621648 -0.53951 0.631087 -0.549771 0.645875 0.465356 -0.502266 -0.710302 0.808571 
14 14	0.800953 -0.478188 -0.0502204 -0.106917 -0.0315715 -0.0802406 -0.0531955 -0.068125 -0.0733587 -0.0598894 0.795 -0.475826 -0.052777 -0.105917 
-0.478188 0.905094 -0.100434 -0.00402839 -0.0617403 -0.00196345 -0.0484476 -0.0253033 -0.038177 -0.0490024 -0.477766 0.899558 -0.101019 -0.00791146 
-0.0502204 -0.100434 0.223108 0.0055017 0.135316 0.00469742 0.137703 0.00454268 0.141992 0.00670976 -0.044391 -0.10021 0.222914 0.00643552 
-0.106917 -0.00402839 0.0055017 0.216398 0.00540273 0.133859 0.00587596 0.137541 0.00689353 0.143724 -0.10647 0.00130076 0.00556558 0.215744 
-0.0315715 -0.0617403 0.135316 0.00540273 0.22506 -0.0643752 0.195571 -0.0429896 0.172334 -0.0230286 -0.0485626 -0.0521758 0.135294 0.00581424 
-0.0802406 -0.00196345 0.00469742 0.133859 -0.0643752 0.245668 -0.042276 0.21139 -0.0222633 0.185619 -0.0704774 -0.0219139 0.00469218 0.133792 
-0.0531955 -0.0484476 0.137703 0.00587596 0.195571 -0.042276 0.230061 -0.0632881 0.200348 -0.0382979 -0.065408 -0.0418969 0.136918 0.00572672 
-0.068125 -0.0253033 0.00454268 0.137541 -0.0429896 0.21139 -0.0632881 0.253875 -0.0380437 0.220292 -0.061342 -0.039659 0.00403326 0.136825 
-0.0733587 -0.038177 0.141992 0.00689353 0.172334 -0.0222633 0.200348 -0.0380437 0.239784 -0.0576708 -0.0809675 -0.034796 0.140377 0.00623104 
-0.0598894 -0.0490024 0.00670976 0.143724 -0.0230286 0.185619 -0.0382979 0.220292 -0.0576708 0.270015 -0.056224 -0.0581669 0.0057929 0.142343 
0.795 -0.477766 -0.044391 -0.10647 -0.0485626 -0.0704774 -0.065408 -0.061342 -0.0809675 -0.056224 0.794106 -0.47775 -0.0472657 -0.105644 
-0.475826 0.899558 -0.10021 0.00130076 -0.0521758 -0.0219139 -0.0418969 -0.039659 -0.034796 -0.0581669 -0.47775 0.899788 -0.101015 -0.00292098 
-0.052777 -0.101019 0.222914 0.00556558 0.135294 0.00469218 0.136918 0.00403326 0.140377 0.0057929 -0.0472657 -0.101015 0.223649 0.00721986 
-0.105917 -0.00791146 0.00643552 0.215744 0.00581424 0.133792 0.00572672 0.136825 0.00623104 0.142343 -0.105644 -0.00292098 0.00721986 0.215906 


0.0531666
14	4.36487e-07 -1.53888e-07 8.20034e-07 1.29707e-08 1.99552e-07 -1.00462e-12 1.99503e-07 3.48083e-18 1.99773e-07 2.11667e-13 1.68889e-07 -1.44373e-07 8.20502e-07 1.30559e-08 
14 14	1.71841 1.6258e-05 -0.0527405 4.90985e-06 -0.128438 1.68192e-10 -0.243179 8.38306e-19 -0.308063 -3.7544e-12 1.70749 1.64487e-05 -0.0527507 5.08455e-06 
1.6258e-05 0.036098 -1.381e-05 0.0019001 -9.11539e-07 4.53898e-07 1.1401e-06 8.1116e-15 1.70917e-07 3.8707e-08 1.47694e-05 0.0359201 -1.38027e-05 0.00189851 
-0.0527405 -1.381e-05 1.43633 -5.36573e-06 1.15486 -1.75721e-10 1.09416 7.44672e-19 1.0518 2.17393e-10 -0.0788176 -1.41031e-05 1.43632 -5.46906e-06 
4.90985e-06 0.0019001 -5.36573e-06 0.00305079 2.51096e-07 -6.40617e-08 9.42398e-08 2.91654e-15 -8.45531e-07 -4.47736e-08 4.26793e-06 0.00194205 -5.35776e-06 0.00304736 
-0.128438 -9.11539e-07 1.15486 2.51096e-07 1.43367 -1.32418e-10 1.29843 1.22764e-19 1.17804 3.92989e-10 -0.219723 -8.31553e-07 1.15486 2.31178e-07 
1.68192e-10 4.53898e-07 -1.75721e-10 -6.40617e-08 -1.32418e-10 1.00001e-06 -7.3772e-11 -3.47116e-19 1.28928e-10 -2.34328e-11 3.33717e-10 3.40273e-07 -1.74046e-10 -6.50556e-08 
-0.243179 1.1401e-06 1.09416 9.42398e-08 1.29843 -7.3772e-11 1.37068 1.24362e-19 1.25414 3.26837e-10 -0.315121 1.21424e-06 1.09415 5.98329e-08 
8.38306e-19 8.1116e-15 7.44672e-19 2.91654e-15 1.22764e-19 -3.47116e-19 1.24362e-19 1e-06 -2.58231e-11 2.27629e-12 8.43635e-12 -2.47912e-10 -5.95172e-13 2.35613e-10 
-0.308063 1.70917e-07 1.0518 -8.45531e-07 1.17804 1.28928e-10 1.25414 -2.58231e-11 1.33251 3.56373e-10 -0.365209 1.74922e-07 1.0518 -8.9897e-07 
-3.7544e-12 3.8707e-08 2.17393e-10 -4.47736e-08 3.92989e-10 -2.34328e-11 3.26837e-10 2.27629e-12 3.56373e-10 1e-06 -1.01518e-10 4.23859e-08 2.17806e-10 -4.49588e-08 
1.70749 1.47694e-05 -0.0788176 4.26793e-06 -0.219723 3.33717e-10 -0.315121 8.43635e-12 -0.365209 -1.01518e-10 1.71343 1.49157e-05 -0.0788267 4.43169e-06 
1.64487e-05 0.0359201 -1.41031e-05 0.00194205 -8.31553e-07 3.40273e-07 1.21424e-06 -2.47912e-10 1.74922e-07 4.23859e-08 1.49157e-05 0.0357826 -1.40953e-05 0.00194016 
-0.0527507 -1.38027e-05 1.43632 -5.35776e-06 1.15486 -1.74046e-10 1.09415 -5.95172e-13 1.0518 2.17806e-10 -0.0788267 -1.40953e-05 1.43632 -5.46038e-06 
5.08455e-06 0.00189851 -5.46906e-06 0.00304736 2.31178e-07 -6.50556e-08 5.98329e-08 2.35613e-10 -8.9897e-07 -4.49588e-08 4.43169e-06 0.00194016 -5.46038e-06 0.00304494 


0.0673136
14	-0.000370714 0.00113143 0.00141419 -0.000479376 -1.34481e-06 2.03757e-06 -1.34432e-06 2.03753e-06 -1.345e-06 2.03748e-06 1.88635e-05 4.63755e-06 0.00427819 0.00189913 
14 14	1.00308 -0.000105083 0.194196 0.000173068 0.0158954 -1.20176e-05 0.0158939 -1.20211e-05 0.0158915 -1.20211e-05 1.01031 -7.48476e-05 0.189181 -0.00272997 
-0.000105083 1.01777 0.000198896 0.195405 -1.81976e-05 0.0162136 -1.8201e-05 0.0162121 -1.82012e-05 0.0162098 -7.36392e-05 1.02499 -0.0021638 0.187753 
0.194196 0.000198896 0.879596 -0.000203514 0.0558623 -9.93546e-06 0.0558607 -9.93755e-06 0.0558636 -9.93755e-06 0.283085 -4.58092e-05 0.875234 -8.97309e-05 
0.000173068 0.195405 -0.000203514 0.882603 -1.65764e-05 0.0558883 -1.65786e-05 0.0558866 -1.65785e-05 0.0558896 -4.26813e-05 0.28476 0.000287968 0.879547 
0.0158954 -1.81976e-05 0.0558623 -1.65764e-05 0.00988975 -5.26769e-06 0.00988909 -5.26769e-06 0.00988982 -5.26769e-06 0.0197042 -1.86922e-05 0.0550156 -1.72006e-05 
-1.20176e-05 0.0162136 -9.93546e-06 0.0558883 -5.26769e-06 0.00989653 -5.26769e-06 0.00989581 -5.26769e-06 0.00989662 -1.19983e-05 0.019996 -9.86726e-06 0.0550613 
0.0158939 -1.8201e-05 0.0558607 -1.65786e-05 0.00988909 -5.26769e-06 0.00988942 -5.26769e-06 0.00988916 -5.26769e-06 0.0197027 -1.86831e-05 0.0550149 -1.72118e-05 
-1.20211e-05 0.0162121 -9.93755e-06 0.0558866 -5.26769e-06 0.00989581 -5.26769e-06 0.0098961 -5.26769e-06 0.0098959 -1.19907e-05 0.0199944 -9.8884e-06 0.0550605 
0.0158915 -1.82012e-05 0.0558636 -1.65785e-05 0.00988982 -5.26769e-06 0.00988916 -5.26769e-06 0.0098909 -5.26769e-06 0.0197019 -1.86916e-05 0.0550171 -1.72683e-05 
-1.20211e-05 0.0162098 -9.93755e-06 0.0558896 -5.26769e-06 0.00989662 -5.26769e-06 0.0098959 -5.26769e-06 0.0098977 -1.19981e-05 0.0199937 -9.92462e-06 0.0550627 
1.01031 -7.36392e-05 0.283085 -4.26813e-05 0.0197042 -1.19983e-05 0.0197027 -1.19907e-05 0.0197019 -1.19981e-05 1.04032 -7.28808e-05 0.271626 -2.92821e-05 
-7.48476e-05 1.02499 -4.58092e-05 0.28476 -1.86922e-05 0.019996 -1.86831e-05 0.0199944 -1.86916e-05 0.0199937 -7.28808e-05 1.0551 -5.88804e-05 0.273287 
0.189181 -0.0021638 0.875234 0.000287968 0.0550156 -9.86726e-06 0.0550149 -9.8884e-06 0.0550171 -9.92462e-06 0.271626 -5.88804e-05 1.09613 -0.000997705 
-0.00272997 0.187753 -8.97309e-05 0.879547 -1.72006e-05 0.0550613 -1.72118e-05 0.0550605 -1.72683e-05 0.0550627 -2.92821e-05 0.273287 -0.000997705 1.09694 

