13 28

0.0750565
28	3.0211e-08 2.56188e-08 1.87745e-07 -2.05301e-07 4.55351e-07 -5.60299e-07 2.37287e-07 -2.65378e-07 8.19866e-08 -7.10938e-08 8.4527e-08 -7.82762e-08 8.46367e-08 -8.08866e-08 8.60462e-08 -8.37982e-08 8.63229e-08 -8.60121e-08 8.73334e-08 -8.74437e-08 8.81365e-08 -8.65953e-08 8.94213e-08 -8.69421e-08 -4.01312e-08 1.28949e-07 1.87745e-07 -2.05302e-07 
28 28	1.96036 -1.67479e-08 1.29019 -3.06541e-08 0.716238 -3.2432e-08 0.493703 -5.15133e-08 0.352664 -2.89843e-08 0.254047 -1.26203e-08 0.178359 -8.05853e-09 0.123758 9.21329e-09 0.0822905 3.24984e-08 0.0457952 3.81613e-08 0.0102691 5.48934e-08 -0.028792 5.86517e-08 1.95942 -2.24471e-08 1.29019 -3.06565e-08 
-1.67479e-08 2.07944 6.39316e-09 1.32727 -2.95337e-08 0.811224 -3.829e-08 0.568726 -1.57621e-08 0.395522 -1.29453e-08 0.278982 -5.51765e-09 0.190375 -4.04524e-09 0.129643 1.08817e-08 0.0845276 1.61483e-08 0.0422212 3.8733e-08 0.00212579 2.58763e-08 -0.0422645 -1.58363e-08 2.06462 6.3982e-09 1.32727 
1.29019 6.39316e-09 1.7346 -4.04833e-08 0.835033 2.50882e-08 0.605345 -5.30872e-08 0.456351 -5.33537e-08 0.346341 -1.38147e-08 0.283922 2.28618e-08 0.222125 3.59171e-08 0.179584 4.93758e-08 0.154426 3.08767e-08 0.122037 -1.04206e-09 0.113596 -2.24477e-08 1.33066 -1.58157e-08 1.73461 -4.04829e-08 
-3.06541e-08 1.32727 -4.04833e-08 1.89829 1.6259e-09 1.05818 -6.81731e-08 0.811146 -8.87705e-08 0.637872 -5.60757e-08 0.514194 -1.88185e-08 0.437624 -9.82643e-09 0.363566 -1.68503e-08 0.312858 -4.25703e-08 0.283572 -7.6004e-08 0.254135 -1.04312e-07 0.246805 -4.94676e-08 1.35028 -4.04798e-08 1.8983 
0.716238 -2.95337e-08 0.835033 1.6259e-09 1.37264 1.27248e-07 1.06123 -2.43782e-08 0.853887 -2.64689e-08 0.720371 2.25666e-08 0.653394 6.54795e-08 0.603628 9.36232e-08 0.561149 1.31421e-07 0.551327 1.35743e-07 0.53616 1.16776e-07 0.53005 1.45937e-07 0.560002 -6.8948e-08 0.835034 1.62758e-09 
-3.2432e-08 0.811224 2.50882e-08 1.05818 1.27248e-07 1.73753 -9.25038e-09 1.36617 -3.91008e-08 1.09504 -3.78736e-09 0.919297 4.46127e-08 0.821007 6.93786e-08 0.752983 8.3523e-08 0.694911 8.82393e-08 0.679789 8.12588e-08 0.665387 8.89846e-08 0.658749 -6.94433e-08 0.61944 2.50897e-08 1.05819 
0.493703 -3.829e-08 0.605345 -6.81731e-08 1.06123 -9.25038e-09 0.995069 -8.08712e-08 0.836041 -7.41613e-08 0.720405 -1.43692e-08 0.666407 3.7427e-08 0.614728 7.00435e-08 0.596099 1.11116e-07 0.583331 1.11292e-07 0.571747 9.17644e-08 0.569844 1.05138e-07 0.374722 -5.96451e-08 0.605346 -6.81712e-08 
-5.15133e-08 0.568726 -5.30872e-08 0.811146 -2.43782e-08 1.36617 -8.08712e-08 1.28062 -1.00182e-07 1.07161 -4.47896e-08 0.92024 1.41586e-08 0.83735 4.50472e-08 0.762378 6.60152e-08 0.73253 6.39661e-08 0.711007 5.53024e-08 0.700048 6.15137e-08 0.698938 -6.98948e-08 0.422556 -5.30878e-08 0.811147 
0.352664 -1.57621e-08 0.456351 -8.87705e-08 0.853887 -3.91008e-08 0.836041 -1.00182e-07 0.83367 -5.26566e-08 0.741367 -9.58914e-09 0.696631 3.25965e-08 0.655091 6.16227e-08 0.630175 1.19327e-07 0.636663 1.30075e-07 0.623038 1.05215e-07 0.621912 1.09086e-07 0.256885 -3.3746e-08 0.456348 -8.87677e-08 
-2.89843e-08 0.395522 -5.33537e-08 0.637872 -2.64689e-08 1.09504 -7.41613e-08 1.07161 -5.26566e-08 1.06626 -2.37942e-08 0.945794 1.97253e-08 0.874858 4.64793e-08 0.810124 8.38553e-08 0.770926 9.03588e-08 0.772982 7.39484e-08 0.756839 7.9214e-08 0.755958 -4.51034e-08 0.281725 -5.33555e-08 0.637868 
0.254047 -1.29453e-08 0.346341 -5.60757e-08 0.720371 -3.78736e-09 0.720405 -4.47896e-08 0.741367 -2.37942e-08 0.771792 -1.72151e-09 0.738411 1.53859e-08 0.705451 2.59982e-08 0.687463 6.2577e-08 0.687879 6.59991e-08 0.695385 5.05257e-08 0.687707 5.38096e-08 0.171317 -2.76975e-08 0.346338 -5.6073e-08 
-1.26203e-08 0.278982 -1.38147e-08 0.514194 2.25666e-08 0.919297 -1.43692e-08 0.92024 -9.58914e-09 0.945794 -1.72151e-09 0.977624 1.71587e-08 0.921127 2.7667e-08 0.86656 5.21475e-08 0.834951 5.6562e-08 0.827356 4.46296e-08 0.836757 5.08827e-08 0.828329 -2.78395e-08 0.184745 -1.38183e-08 0.514191 
0.178359 -5.51765e-09 0.283922 -1.88185e-08 0.653394 4.46127e-08 0.666407 1.41586e-08 0.696631 1.97253e-08 0.738411 1.71587e-08 0.815164 7.89306e-09 0.786101 1.11345e-09 0.771489 1.49326e-08 0.780035 9.48788e-09 0.776943 -9.43369e-10 0.791582 -3.74545e-09 0.0984665 -2.12215e-08 0.283917 -1.88161e-08 
-8.05853e-09 0.190375 2.28618e-08 0.437624 6.54795e-08 0.821007 3.7427e-08 0.83735 3.25965e-08 0.874858 1.53859e-08 0.921127 7.89306e-09 0.999125 6.31202e-09 0.950856 2.11273e-08 0.922979 2.3632e-08 0.923815 1.04954e-08 0.919379 1.31315e-08 0.938737 -2.32383e-08 0.101608 2.28612e-08 0.437619 
0.123758 -4.04524e-09 0.222125 -9.82643e-09 0.603628 6.93786e-08 0.614728 4.50472e-08 0.655091 4.64793e-08 0.705451 2.7667e-08 0.786101 6.31202e-09 0.862482 -9.94164e-09 0.85027 -5.23878e-10 0.860682 -4.13941e-09 0.864388 -1.0336e-08 0.864057 -1.63948e-08 0.0497612 -1.96894e-08 0.222118 -9.82371e-09 
9.21329e-09 0.129643 3.59171e-08 0.363566 9.36232e-08 0.752983 7.00435e-08 0.762378 6.16227e-08 0.810124 2.59982e-08 0.86656 1.11345e-09 0.950856 -9.94164e-09 1.02876 2.44752e-09 1.00362 5.18594e-09 1.00726 -6.66698e-09 1.00957 -6.03944e-09 1.01109 -6.00518e-09 0.0490713 3.5918e-08 0.363558 
0.0822905 1.08817e-08 0.179584 -1.68503e-08 0.561149 8.3523e-08 0.596099 6.60152e-08 0.630175 8.38553e-08 0.687463 5.21475e-08 0.771489 2.11273e-08 0.85027 2.44752e-09 0.942189 1.72758e-08 0.958331 1.41629e-08 0.96134 7.75569e-09 0.967528 -6.54826e-09 0.00941526 -6.74854e-09 0.179576 -1.68479e-08 
3.24984e-08 0.0845276 4.93758e-08 0.312858 1.31421e-07 0.694911 1.11116e-07 0.73253 1.19327e-07 0.770926 6.2577e-08 0.834951 1.49326e-08 0.922979 -5.23878e-10 1.00362 1.72758e-08 1.10213 1.86556e-08 1.11183 7.35377e-09 1.11513 -1.83456e-09 1.12176 1.41581e-08 0.00586391 4.93765e-08 0.312849 
0.0457952 1.61483e-08 0.154426 -4.25703e-08 0.551327 8.82393e-08 0.583331 6.39661e-08 0.636663 9.03588e-08 0.687879 5.6562e-08 0.780035 2.3632e-08 0.860682 5.18594e-09 0.958331 1.86556e-08 1.09121 1.16547e-08 1.09456 -1.98744e-09 1.10467 -2.87753e-08 -0.0282667 -6.10699e-09 0.154419 -4.25678e-08 
3.81613e-08 0.0422212 3.08767e-08 0.283572 1.35743e-07 0.679789 1.11292e-07 0.711007 1.30075e-07 0.772982 6.59991e-08 0.827356 9.48788e-09 0.923815 -4.13941e-09 1.00726 1.41629e-08 1.11183 1.16547e-08 1.25645 -6.44196e-09 1.26299 -2.75767e-08 1.27547 1.72671e-08 -0.0369695 3.0877e-08 0.283563 
0.0102691 3.8733e-08 0.122037 -7.6004e-08 0.53616 8.12588e-08 0.571747 5.53024e-08 0.623038 7.39484e-08 0.695385 4.46296e-08 0.776943 1.04954e-08 0.864388 -6.66698e-09 0.96134 7.35377e-09 1.09456 -6.44196e-09 1.24529 -3.35397e-08 1.25387 -7.01232e-08 -0.0646077 1.32118e-08 0.122031 -7.60025e-08 
5.48934e-08 0.00212579 -1.04206e-09 0.254135 1.16776e-07 0.665387 9.17644e-08 0.700048 1.05215e-07 0.756839 5.05257e-08 0.836757 -9.43369e-10 0.919379 -1.0336e-08 1.00957 7.75569e-09 1.11513 -1.98744e-09 1.26299 -3.35397e-08 1.43593 -6.24087e-08 1.45073 3.23175e-08 -0.077123 -1.04419e-09 0.254128 
-0.028792 2.58763e-08 0.113596 -1.04312e-07 0.53005 8.89846e-08 0.569844 6.15137e-08 0.621912 7.9214e-08 0.687707 5.08827e-08 0.791582 1.31315e-08 0.864057 -6.03944e-09 0.967528 -1.83456e-09 1.10467 -2.75767e-08 1.25387 -6.24087e-08 1.45042 -1.21163e-07 -0.106176 -5.14905e-09 0.11359 -1.04312e-07 
5.86517e-08 -0.0422645 -2.24477e-08 0.246805 1.45937e-07 0.658749 1.05138e-07 0.698938 1.09086e-07 0.755958 5.38096e-08 0.828329 -3.74545e-09 0.938737 -1.63948e-08 1.01109 -6.54826e-09 1.12176 -2.87753e-08 1.27547 -7.01232e-08 1.45073 -1.21163e-07 1.67125 2.836e-08 -0.123969 -2.24495e-08 0.246799 
1.95942 -1.58363e-08 1.33066 -4.94676e-08 0.560002 -6.94433e-08 0.374722 -6.98948e-08 0.256885 -4.51034e-08 0.171317 -2.78395e-08 0.0984665 -2.32383e-08 0.0497612 -6.00518e-09 0.00941526 1.41581e-08 -0.0282667 1.72671e-08 -0.0646077 3.23175e-08 -0.106176 2.836e-08 2.00058 -1.49406e-08 1.33066 -4.94701e-08 
-2.24471e-08 2.06462 -1.58157e-08 1.35028 -6.8948e-08 0.61944 -5.96451e-08 0.422556 -3.3746e-08 0.281725 -2.76975e-08 0.184745 -2.12215e-08 0.101608 -1.96894e-08 0.0490713 -6.74854e-09 0.00586391 -6.10699e-09 -0.0369695 1.32118e-08 -0.077123 -5.14905e-09 -0.123969 -1.49406e-08 2.09689 -1.58108e-08 1.35029 
1.29019 6.3982e-09 1.73461 -4.04798e-08 0.835034 2.50897e-08 0.605346 -5.30878e-08 0.456348 -5.33555e-08 0.346338 -1.38183e-08 0.283917 2.28612e-08 0.222118 3.5918e-08 0.179576 4.93765e-08 0.154419 3.0877e-08 0.122031 -1.04419e-09 0.11359 -2.24495e-08 1.33066 -1.58108e-08 1.73461 -4.04794e-08 
-3.06565e-08 1.32727 -4.04829e-08 1.8983 1.62758e-09 1.05819 -6.81712e-08 0.811147 -8.87677e-08 0.637868 -5.6073e-08 0.514191 -1.88161e-08 0.437619 -9.82371e-09 0.363558 -1.68479e-08 0.312849 -4.25678e-08 0.283563 -7.60025e-08 0.254128 -1.04312e-07 0.246799 -4.94701e-08 1.35029 -4.04794e-08 1.89831 


0.0804959
28	-9.29635e-08 1.54161e-07 -1.43475e-07 2.6313e-07 -2.90524e-08 5.31354e-08 -2.90524e-08 5.31354e-08 -2.90524e-08 5.31354e-08 -2.90526e-08 5.31354e-08 -2.90433e-08 5.31258e-08 -2.89817e-08 5.30672e-08 -2.89729e-08 5.29587e-08 -2.90355e-08 5.27966e-08 -2.89937e-08 5.27803e-08 -2.93689e-08 5.36838e-08 -1.06967e-07 1.81198e-07 -1.43527e-07 2.62615e-07 
28 28	0.901703 7.14348e-09 0.165488 -2.30333e-09 0.00296352 3.20174e-10 0.00296293 3.20174e-10 0.00296281 3.20174e-10 0.00296331 3.20045e-10 -0.00089066 3.23889e-10 -0.0198773 3.17303e-10 -0.0594332 5.25666e-10 -0.0978668 5.81764e-10 -0.12971 2.36698e-10 -0.160191 8.55838e-10 0.919101 6.9697e-09 0.163884 -2.33364e-09 
7.14348e-09 0.918418 5.60777e-09 0.176586 4.15636e-10 0.00383836 4.15636e-10 0.00383777 4.15636e-10 0.00383766 4.1551e-10 0.00383811 4.19885e-10 -4.83928e-05 4.59947e-10 -0.0199981 -3.41585e-09 -0.0598071 -7.33021e-09 -0.0990716 -9.4931e-09 -0.131316 -4.7877e-09 -0.160943 6.83301e-09 0.935601 7.23256e-09 0.174727 
0.165488 5.60777e-09 0.725309 7.61126e-09 0.0485602 8.25302e-10 0.0485603 8.25302e-10 0.0485605 8.25302e-10 0.0485608 8.25332e-10 0.0504182 8.19921e-10 0.0797982 7.04434e-10 0.164577 1.6062e-09 0.285677 3.23529e-09 0.417172 4.70912e-09 0.511329 4.26939e-09 0.243756 6.83097e-09 0.725861 7.29189e-09 
-2.30333e-09 0.176586 7.61126e-09 0.733019 -1.37037e-10 0.0493264 -1.37037e-10 0.0493265 -1.37037e-10 0.0493267 -1.37007e-10 0.049327 -1.4069e-10 0.0511839 -1.4108e-10 0.0799871 -6.9106e-09 0.165611 -1.3688e-08 0.287348 -1.73941e-08 0.418817 -8.87954e-09 0.514138 -2.67656e-09 0.254205 1.02757e-08 0.733291 
0.00296352 4.15636e-10 0.0485602 -1.37037e-10 0.00764768 1.83645e-11 0.00764773 1.83645e-11 0.0076478 1.83645e-11 0.00764824 1.82722e-11 0.00763097 1.76465e-11 0.00911541 1.35074e-11 0.0144206 4.05285e-11 0.022641 4.18656e-11 0.0320026 -3.29239e-11 0.0397089 2.83023e-11 0.00723692 3.9388e-10 0.0483451 -1.38187e-10 
3.20174e-10 0.00383836 8.25302e-10 0.0493264 1.83645e-11 0.00777252 1.83645e-11 0.00777256 1.83645e-11 0.00777264 1.82808e-11 0.00777307 1.78837e-11 0.00775134 2.15997e-11 0.00909997 -4.35078e-10 0.0143459 -8.98802e-10 0.0225237 -1.18253e-09 0.0319626 -5.77234e-10 0.0397324 2.79046e-10 0.00802888 1.05607e-09 0.0491071 
0.00296293 4.15636e-10 0.0485603 -1.37037e-10 0.00764773 1.83645e-11 0.00764877 1.83645e-11 0.00764792 1.83645e-11 0.00764835 1.82722e-11 0.0076313 1.76468e-11 0.00911655 1.35088e-11 0.0144219 4.05328e-11 0.0226418 4.18756e-11 0.0320035 -3.29057e-11 0.0397169 2.83183e-11 0.00723644 3.93883e-10 0.0483451 -1.38188e-10 
3.20174e-10 0.00383777 8.25302e-10 0.0493265 1.83645e-11 0.00777256 1.83645e-11 0.00777361 1.83645e-11 0.00777275 1.82808e-11 0.00777319 1.78841e-11 0.00775168 2.16017e-11 0.00910111 -4.3508e-10 0.0143472 -8.98806e-10 0.0225246 -1.18253e-09 0.0319635 -5.77228e-10 0.0397404 2.79048e-10 0.00802841 1.05607e-09 0.049107 
0.00296281 4.15636e-10 0.0485605 -1.37037e-10 0.0076478 1.83645e-11 0.00764792 1.83645e-11 0.00764893 1.83645e-11 0.00764841 1.82723e-11 0.00763254 1.76454e-11 0.00911863 1.34938e-11 0.0144308 4.04898e-11 0.0226524 4.18154e-11 0.0320047 -3.29597e-11 0.0397015 2.82038e-11 0.00723647 3.93889e-10 0.0483448 -1.38193e-10 
3.20174e-10 0.00383766 8.25302e-10 0.0493267 1.83645e-11 0.00777264 1.83645e-11 0.00777275 1.83645e-11 0.00777376 1.82808e-11 0.00777324 1.78835e-11 0.00775291 2.16013e-11 0.00910323 -4.35017e-10 0.0143562 -8.98669e-10 0.0225353 -1.18234e-09 0.0319648 -5.77094e-10 0.039725 2.79073e-10 0.00802846 1.05603e-09 0.0491067 
0.00296331 4.1551e-10 0.0485608 -1.37007e-10 0.00764824 1.82808e-11 0.00764835 1.82808e-11 0.00764841 1.82808e-11 0.0076498 1.81717e-11 0.0076336 1.73422e-11 0.0091216 1.33847e-11 0.0144308 4.02456e-11 0.0226543 4.11713e-11 0.0320211 -3.57253e-11 0.039721 2.35035e-11 0.00723763 3.93705e-10 0.0483449 -1.38184e-10 
3.20045e-10 0.00383811 8.25332e-10 0.049327 1.82722e-11 0.00777307 1.82722e-11 0.00777319 1.82723e-11 0.00777324 1.81717e-11 0.00777463 1.76972e-11 0.007754 2.18304e-11 0.00910632 -4.3472e-10 0.0143564 -8.9865e-10 0.0225373 -1.18446e-09 0.0319813 -5.81847e-10 0.039745 2.78936e-10 0.00802958 1.05601e-09 0.0491069 
-0.00089066 4.19885e-10 0.0504182 -1.4069e-10 0.00763097 1.78837e-11 0.0076313 1.78841e-11 0.00763254 1.78835e-11 0.0076336 1.76972e-11 0.00897585 1.67257e-11 0.0128155 1.41928e-11 0.0197906 3.13957e-11 0.0287055 2.9592e-11 0.0383133 -4.81726e-11 0.0457826 7.67125e-12 0.00367268 3.97611e-10 0.0501533 -1.41829e-10 
3.23889e-10 -4.83928e-05 8.19921e-10 0.0511839 1.76465e-11 0.00775134 1.76468e-11 0.00775168 1.76454e-11 0.00775291 1.73422e-11 0.007754 1.67257e-11 0.0090974 2.15397e-11 0.0128066 -4.43626e-10 0.0197263 -9.11393e-10 0.0285893 -1.19942e-09 0.0382738 -6.0061e-10 0.0458101 2.81927e-10 0.00443461 1.05068e-09 0.0509151 
-0.0198773 4.59947e-10 0.0797982 -1.4108e-10 0.00911541 2.15997e-11 0.00911655 2.16017e-11 0.00911863 2.16013e-11 0.0091216 2.18304e-11 0.0128155 2.15397e-11 0.0390795 -4.52658e-11 0.0655753 -5.20651e-11 0.0811481 -7.16763e-11 0.0934005 -1.51107e-10 0.0982516 -6.23167e-11 -0.0112758 4.35598e-10 0.0791661 -1.37173e-10 
3.17303e-10 -0.0199981 7.04434e-10 0.0799871 1.35074e-11 0.00909997 1.35088e-11 0.00910111 1.34938e-11 0.00910323 1.33847e-11 0.00910632 1.41928e-11 0.0128066 -4.52658e-11 0.0392289 -5.14644e-10 0.0654886 -9.62177e-10 0.0807885 -1.24697e-09 0.0934235 -6.09686e-10 0.0980744 2.59482e-10 -0.0115019 9.31104e-10 0.0793602 
-0.0594332 -3.41585e-09 0.164577 -6.9106e-09 0.0144206 -4.35078e-10 0.0144219 -4.3508e-10 0.0144308 -4.35017e-10 0.0144308 -4.3472e-10 0.0197906 -4.43626e-10 0.0655753 -5.14644e-10 0.173238 -1.23891e-09 0.233043 -2.6364e-09 0.258453 -4.27587e-09 0.262271 -3.17993e-09 -0.0393505 -4.56402e-09 0.162277 -6.69542e-09 
5.25666e-10 -0.0598071 1.6062e-09 0.165611 4.05285e-11 0.0143459 4.05328e-11 0.0143472 4.04898e-11 0.0143562 4.02456e-11 0.0143564 3.13957e-11 0.0197263 -5.20651e-11 0.0654886 -1.23891e-09 0.171463 -2.33126e-09 0.229195 -3.04296e-09 0.254204 -1.3973e-09 0.256935 4.69484e-10 -0.0397227 2.07156e-09 0.16348 
-0.0978668 -7.33021e-09 0.285677 -1.3688e-08 0.022641 -8.98802e-10 0.0226418 -8.98806e-10 0.0226524 -8.98669e-10 0.0226543 -8.9865e-10 0.0287055 -9.11393e-10 0.0811481 -9.62177e-10 0.233043 -2.33126e-09 0.425621 -5.11704e-09 0.507039 -8.39838e-09 0.516031 -6.26556e-09 -0.0617684 -9.5988e-09 0.279977 -1.32715e-08 
5.81764e-10 -0.0990716 3.23529e-09 0.287348 4.18656e-11 0.0225237 4.18756e-11 0.0225246 4.18154e-11 0.0225353 4.11713e-11 0.0225373 2.9592e-11 0.0285893 -7.16763e-11 0.0807885 -2.6364e-09 0.229195 -5.11704e-09 0.417153 -6.71043e-09 0.496499 -3.17963e-09 0.503347 5.23405e-10 -0.0628814 4.17934e-09 0.281963 
-0.12971 -9.4931e-09 0.417172 -1.73941e-08 0.0320026 -1.18253e-09 0.0320035 -1.18253e-09 0.0320047 -1.18234e-09 0.0320211 -1.18446e-09 0.0383133 -1.19942e-09 0.0934005 -1.24697e-09 0.258453 -3.04296e-09 0.507039 -6.71043e-09 0.774116 -1.11422e-08 0.812267 -8.44506e-09 -0.0774401 -1.23792e-08 0.407391 -1.68632e-08 
2.36698e-10 -0.131316 4.70912e-09 0.418817 -3.29239e-11 0.0319626 -3.29057e-11 0.0319635 -3.29597e-11 0.0319648 -3.57253e-11 0.0319813 -4.81726e-11 0.0382738 -1.51107e-10 0.0934235 -4.27587e-09 0.254204 -8.39838e-09 0.496499 -1.11422e-08 0.758839 -5.42463e-09 0.794562 1.24399e-10 -0.079247 6.22305e-09 0.409311 
-0.160191 -4.7877e-09 0.511329 -8.87954e-09 0.0397089 -5.77234e-10 0.0397169 -5.77228e-10 0.0397015 -5.77094e-10 0.039721 -5.81847e-10 0.0457826 -6.0061e-10 0.0982516 -6.09686e-10 0.262271 -1.3973e-09 0.516031 -3.17963e-09 0.812267 -5.42463e-09 1.05324 -3.95462e-09 -0.0973007 -6.26335e-09 0.498172 -8.60361e-09 
8.55838e-10 -0.160943 4.26939e-09 0.514138 2.83023e-11 0.0397324 2.83183e-11 0.0397404 2.82038e-11 0.039725 2.35035e-11 0.039745 7.67125e-12 0.0458101 -6.23167e-11 0.0980744 -3.17993e-09 0.256935 -6.26556e-09 0.503347 -8.44506e-09 0.794562 -3.95462e-09 1.03213 8.26594e-10 -0.0982488 5.44545e-09 0.50126 
0.919101 6.83301e-09 0.243756 -2.67656e-09 0.00723692 2.79046e-10 0.00723644 2.79048e-10 0.00723647 2.79073e-10 0.00723763 2.78936e-10 0.00367268 2.81927e-10 -0.0112758 2.59482e-10 -0.0393505 4.69484e-10 -0.0617684 5.23405e-10 -0.0774401 1.24399e-10 -0.0973007 8.26594e-10 0.947521 6.58373e-09 0.241444 -2.71516e-09 
6.9697e-09 0.935601 6.83097e-09 0.254205 3.9388e-10 0.00802888 3.93883e-10 0.00802841 3.93889e-10 0.00802846 3.93705e-10 0.00802958 3.97611e-10 0.00443461 4.35598e-10 -0.0115019 -4.56402e-09 -0.0397227 -9.5988e-09 -0.0628814 -1.23792e-08 -0.079247 -6.26335e-09 -0.0982488 6.58373e-09 0.963985 8.87738e-09 0.251581 
0.163884 7.23256e-09 0.725861 1.02757e-08 0.0483451 1.05607e-09 0.0483451 1.05607e-09 0.0483448 1.05603e-09 0.0483449 1.05601e-09 0.0501533 1.05068e-09 0.0791661 9.31104e-10 0.162277 2.07156e-09 0.279977 4.17934e-09 0.407391 6.22305e-09 0.498172 5.44545e-09 0.241444 8.87738e-09 0.728271 9.87855e-09 
-2.33364e-09 0.174727 7.29189e-09 0.733291 -1.38187e-10 0.0491071 -1.38188e-10 0.049107 -1.38193e-10 0.0491067 -1.38184e-10 0.0491069 -1.41829e-10 0.0509151 -1.37173e-10 0.0793602 -6.69542e-09 0.16348 -1.32715e-08 0.281963 -1.68632e-08 0.409311 -8.60361e-09 0.50126 -2.71516e-09 0.251581 9.87855e-09 0.735431 


0.0473418
28	-6.50825e-07 -4.92563e-07 -6.38414e-07 -6.77544e-07 -1.34754e-06 -1.50992e-06 -9.58356e-07 -1.18993e-06 -5.85313e-07 -8.13755e-07 -1.14232e-08 -3.53455e-08 -9.81836e-09 -3.55672e-08 -6.67484e-09 -3.39312e-08 -4.42374e-09 -3.37967e-08 -1.95466e-09 -3.40121e-08 1.14947e-09 -3.49124e-08 4.82134e-09 -3.71909e-08 -3.89636e-07 -2.14686e-07 -6.32112e-07 -6.75252e-07 
28 28	1.73123 0.696749 0.0811993 -0.437068 0.145773 -0.14086 -0.0612922 -0.244595 -0.245432 -0.336935 -0.390701 -0.405562 -0.496094 -0.450921 -0.564141 -0.474448 -0.598182 -0.469875 -0.605761 -0.444599 -0.589273 -0.409381 -0.549743 -0.369001 1.68637 0.649355 0.0385071 -0.463886 
0.696749 1.60424 -0.4008 0.0411317 -0.181379 -0.0294154 -0.282888 -0.234208 -0.367332 -0.412975 -0.428706 -0.551158 -0.468759 -0.645032 -0.493116 -0.703287 -0.484125 -0.723747 -0.457759 -0.721832 -0.420289 -0.705119 -0.376576 -0.675561 0.657656 1.5813 -0.408212 0.0254453 
0.0811993 -0.4008 2.09239 0.735421 1.80899 1.12042 1.8072 1.20204 1.7863 1.26472 1.73965 1.30706 1.66903 1.33024 1.57843 1.32769 1.46614 1.29744 1.33527 1.24707 1.20238 1.18752 1.05925 1.11039 0.0497875 -0.470633 2.02517 0.649796 
-0.437068 0.0411317 0.735421 2.19857 1.04855 1.77716 1.14033 1.79221 1.2112 1.78442 1.26149 1.73713 1.29412 1.67218 1.29533 1.57609 1.27497 1.44935 1.23445 1.30523 1.18337 1.14787 1.11786 0.986036 -0.501471 0.0224494 0.683156 2.18138 
0.145773 -0.181379 1.80899 1.04855 3.15818 2.16406 2.92188 2.05032 2.66119 1.92121 2.3731 1.76627 2.08017 1.60367 1.9007 1.50943 1.66425 1.36228 1.49399 1.27427 1.34395 1.18535 1.18593 1.08214 -0.0884944 -0.352871 1.68645 0.942485 
-0.14086 -0.0294154 1.12042 1.77716 2.16406 2.95522 2.05444 2.75217 1.93181 2.52019 1.77978 2.24596 1.61913 1.97214 1.52227 1.78565 1.37486 1.54862 1.28395 1.38505 1.19504 1.22843 1.09371 1.06451 -0.308366 -0.24568 1.04514 1.71172 
-0.0612922 -0.282888 1.8072 1.14033 2.92188 2.05444 3.29464 2.3601 3.03511 2.20545 2.73119 2.02472 2.41266 1.83645 2.12358 1.64669 1.91931 1.52698 1.6675 1.36111 1.49877 1.25723 1.33781 1.15042 -0.251817 -0.427048 1.67375 1.03049 
-0.244595 -0.234208 1.20204 1.79221 2.05032 2.75217 2.3601 3.13306 2.21069 2.89675 2.03676 2.599 1.85238 2.29782 1.66296 2.00042 1.54378 1.79543 1.37557 1.55273 1.26973 1.37968 1.16491 1.21699 -0.38548 -0.410892 1.123 1.71819 
-0.245432 -0.367332 1.7863 1.2112 2.66119 1.93181 3.03511 2.21069 3.39994 2.49254 3.11058 2.29497 2.77695 2.08337 2.46026 1.86588 2.14426 1.65015 1.92975 1.51298 1.67545 1.33111 1.49049 1.20777 -0.394387 -0.484276 1.64439 1.09988 
-0.336935 -0.412975 1.26472 1.78442 1.92121 2.52019 2.20545 2.89675 2.49254 3.26181 2.3031 2.96922 2.09945 2.64835 1.88694 2.32505 1.67338 2.01268 1.53649 1.80497 1.35238 1.55038 1.22848 1.37215 -0.450941 -0.551946 1.18516 1.70468 
-0.390701 -0.428706 1.73965 1.26149 2.3731 1.77978 2.73119 2.03676 3.11058 2.3031 3.46481 2.55931 3.15019 2.33932 2.81116 2.09497 2.46998 1.85091 2.14288 1.61681 1.9255 1.46197 1.65494 1.26272 -0.497296 -0.516408 1.58952 1.14882 
-0.405562 -0.551158 1.30706 1.73713 1.76627 2.24596 2.02472 2.599 2.29497 2.96922 2.55931 3.29828 2.34672 2.99454 2.11025 2.64776 1.87182 2.31131 1.63915 1.99478 1.48531 1.77476 1.28512 1.51954 -0.490932 -0.650241 1.22744 1.65212 
-0.496094 -0.468759 1.66903 1.29412 2.08017 1.61913 2.41266 1.85238 2.77695 2.09945 3.15019 2.34672 3.467 2.56704 3.15563 2.32862 2.79754 2.0591 2.44426 1.7946 2.11689 1.54526 1.88425 1.36939 -0.578079 -0.539064 1.51189 1.18079 
-0.450921 -0.645032 1.33024 1.67218 1.60367 1.97214 1.83645 2.29782 2.08337 2.64835 2.33932 2.99454 2.56704 3.30039 2.33612 2.98434 2.07429 2.62481 1.81343 2.2808 1.56559 1.95165 1.39324 1.73162 -0.519585 -0.720653 1.24895 1.58033 
-0.564141 -0.493116 1.57843 1.29533 1.9007 1.52227 2.12358 1.66296 2.46026 1.88694 2.81116 2.11025 3.15563 2.33612 3.45089 2.52916 3.12194 2.26719 2.74765 1.97896 2.39493 1.70189 2.05411 1.43145 -0.617583 -0.539616 1.41375 1.18042 
-0.474448 -0.703287 1.32769 1.57609 1.50943 1.78565 1.64669 2.00042 1.86588 2.32505 2.09497 2.64776 2.32862 2.98434 2.52916 3.26253 2.27291 2.93196 1.9868 2.56888 1.71071 2.20916 1.44578 1.88239 -0.520695 -0.749774 1.24331 1.47603 
-0.598182 -0.484125 1.46614 1.27497 1.66425 1.37486 1.91931 1.54378 2.14426 1.67338 2.46998 1.87182 2.79754 2.07429 3.12194 2.27291 3.38553 2.42809 3.03341 2.14285 2.65828 1.83856 2.28971 1.53923 -0.637723 -0.520101 1.29818 1.16191 
-0.469875 -0.723747 1.29744 1.44935 1.36228 1.54862 1.52698 1.79543 1.65015 2.01268 1.85091 2.31131 2.0591 2.62481 2.26719 2.93196 2.42809 3.1795 2.14286 2.8351 1.84027 2.4489 1.54859 2.09272 -0.506225 -0.75693 1.21111 1.34351 
-0.605761 -0.457759 1.33527 1.23445 1.49399 1.28395 1.6675 1.37557 1.92975 1.53649 2.14288 1.63915 2.44426 1.81343 2.74765 1.9868 3.03341 2.14286 3.25803 2.2603 2.90663 1.96174 2.51318 1.6369 -0.63457 -0.485631 1.16772 1.12785 
-0.444599 -0.721832 1.24707 1.30523 1.27427 1.38505 1.36111 1.55273 1.51298 1.80497 1.61681 1.99478 1.7946 2.2808 1.97896 2.56888 2.14285 2.8351 2.2603 3.05107 1.96147 2.68179 1.6421 2.29891 -0.473681 -0.745896 1.16229 1.19694 
-0.589273 -0.420289 1.20238 1.18337 1.34395 1.19504 1.49877 1.26973 1.67545 1.35238 1.9255 1.48531 2.11689 1.56559 2.39493 1.71071 2.65828 1.84027 2.90663 1.96147 3.116 2.03524 2.76028 1.72488 -0.6086 -0.440949 1.03608 1.08376 
-0.409381 -0.705119 1.18752 1.14787 1.18535 1.22843 1.25723 1.37968 1.33111 1.55038 1.46197 1.77476 1.54526 1.95165 1.70189 2.20916 1.83856 2.4489 1.96174 2.68179 2.03524 2.84321 1.72694 2.49263 -0.431161 -0.721027 1.10713 1.03969 
-0.549743 -0.376576 1.05925 1.11786 1.18593 1.09371 1.33781 1.16491 1.49049 1.22848 1.65494 1.28512 1.88425 1.39324 2.05411 1.44578 2.28971 1.54859 2.51318 1.6421 2.76028 1.72694 2.95409 1.76953 -0.567085 -0.395695 0.896228 1.02625 
-0.369001 -0.675561 1.11039 0.986036 1.08214 1.06451 1.15042 1.21699 1.20777 1.37215 1.26272 1.51954 1.36939 1.73162 1.43145 1.88239 1.53923 2.09272 1.6369 2.29891 1.72488 2.49263 1.76953 2.65291 -0.389519 -0.688785 1.03571 0.87886 
1.68637 0.657656 0.0497875 -0.501471 -0.0884944 -0.308366 -0.251817 -0.38548 -0.394387 -0.450941 -0.497296 -0.490932 -0.578079 -0.519585 -0.617583 -0.520695 -0.637723 -0.506225 -0.63457 -0.473681 -0.6086 -0.431161 -0.567085 -0.389519 1.68563 0.635036 0.00893128 -0.526675 
0.649355 1.5813 -0.470633 0.0224494 -0.352871 -0.24568 -0.427048 -0.410892 -0.484276 -0.551946 -0.516408 -0.650241 -0.539064 -0.720653 -0.539616 -0.749774 -0.520101 -0.75693 -0.485631 -0.745896 -0.440949 -0.721027 -0.395695 -0.688785 0.635036 1.60048 -0.477073 0.00734526 
0.0385071 -0.408212 2.02517 0.683156 1.68645 1.04514 1.67375 1.123 1.64439 1.18516 1.58952 1.22744 1.51189 1.24895 1.41375 1.24331 1.29818 1.21111 1.16772 1.16229 1.03608 1.10713 0.896228 1.03571 0.00893128 -0.477073 2.00208 0.622352 
-0.463886 0.0254453 0.649796 2.18138 0.942485 1.71172 1.03049 1.71819 1.09988 1.70468 1.14882 1.65212 1.18079 1.58033 1.18042 1.47603 1.16191 1.34351 1.12785 1.19694 1.08376 1.03969 1.02625 0.87886 -0.526675 0.00734526 0.622352 2.20171 


0.0801778
28	4.86559e-11 7.41232e-08 -3.1818e-11 1.3108e-07 -5.91787e-11 1.81492e-07 -3.37788e-11 2.32118e-08 3.24937e-11 2.26407e-08 -3.76878e-12 2.43709e-08 3.1569e-12 2.44796e-08 1.56125e-11 2.47053e-08 -4.09889e-13 2.46886e-08 -3.48416e-11 2.47743e-08 -1.28997e-11 2.47969e-08 -3.20346e-11 2.33515e-08 5.31589e-11 6.50921e-08 -3.18185e-11 1.3108e-07 
28 28	0.0317106 -5.58358e-10 0.00177771 5.77025e-10 0.00220467 6.65049e-10 0.00131456 1.65591e-09 0.00075601 1.63768e-09 0.000258403 1.71681e-09 -0.000371052 1.62287e-09 -0.000920281 1.48264e-09 -0.00129693 9.7723e-10 -0.00156639 5.94043e-10 -0.00214006 4.85839e-10 -0.00302538 6.23583e-10 0.0310399 -5.82538e-10 0.00177654 5.7702e-10 
-5.58358e-10 1.44904 3.40752e-10 -0.174014 -5.95289e-10 -0.129412 -4.74672e-10 -0.204011 -3.726e-10 -0.266068 -4.94249e-10 -0.317165 -1.99717e-10 -0.358057 -4.12094e-11 -0.391652 2.82139e-11 -0.418642 9.22532e-11 -0.441676 1.41967e-10 -0.459875 1.53189e-10 -0.479702 -4.56253e-10 1.43141 3.40079e-10 -0.174016 
0.00177771 3.40752e-10 0.00286287 6.37117e-10 0.000435059 8.97737e-10 0.000402886 9.34178e-11 0.000348829 7.02272e-11 0.000292553 6.34193e-11 0.000289778 1.31515e-10 0.000240036 9.74005e-11 0.000226563 6.42377e-11 0.000248645 7.16575e-11 0.000205309 9.319e-11 0.00014987 7.57027e-11 0.00173983 2.94127e-10 0.00286139 6.37119e-10 
5.77025e-10 -0.174014 6.37117e-10 1.23973 -5.2418e-10 1.09777 -1.02397e-09 1.10127 -1.01811e-09 1.09678 -1.26165e-09 1.07387 -1.23785e-09 1.03179 -9.40395e-10 0.989971 -5.38954e-10 0.942967 -2.77591e-10 0.893395 -2.46222e-10 0.850212 -9.18959e-11 0.811997 5.23232e-10 -0.20027 6.37479e-10 1.23973 
0.00220467 -5.95289e-10 0.000435059 -5.2418e-10 0.00891393 -1.00837e-09 0.00614836 -8.19338e-10 0.00412554 -6.28128e-10 0.00315082 -7.26151e-10 0.00216814 -5.26215e-10 0.00155512 -8.88351e-11 0.00125091 5.99017e-11 0.00101017 2.12117e-10 0.00082943 1.74764e-10 0.000612119 2.77752e-10 0.00112207 -5.14859e-10 0.000435572 -5.24177e-10 
6.65049e-10 -0.129412 8.97737e-10 1.09777 -1.00837e-09 1.31543 -1.62494e-09 1.26594 -1.37512e-09 1.20931 -1.83923e-09 1.11794 -1.90331e-09 0.998993 -1.26173e-09 0.926671 -6.11609e-10 0.839954 -4.04819e-10 0.78604 -3.92935e-10 0.73842 -2.26031e-10 0.688094 6.2362e-10 -0.199527 8.98096e-10 1.09777 
0.00131456 -4.74672e-10 0.000402886 -1.02397e-09 0.00614836 -1.62494e-09 0.00911061 -1.92212e-09 0.00611521 -1.68613e-09 0.00392543 -1.58265e-09 0.00290164 -1.35053e-09 0.00206379 -1.24049e-09 0.00146444 -3.59168e-10 0.00128906 -1.67149e-10 0.00115179 -1.10441e-10 0.000771267 -2.55724e-12 0.000574527 -3.77278e-10 0.00040315 -1.02397e-09 
1.65591e-09 -0.204011 9.34178e-11 1.10127 -8.19338e-10 1.26594 -1.92212e-09 1.37155 -1.51092e-09 1.30214 -1.81687e-09 1.20333 -2.09988e-09 1.07716 -1.62229e-09 0.967041 -8.08717e-10 0.894763 -4.39361e-10 0.813462 -3.9722e-10 0.767689 -1.84995e-10 0.722475 1.58672e-09 -0.26566 9.40469e-11 1.10126 
0.00075601 -3.726e-10 0.000348829 -1.01811e-09 0.00412554 -1.37512e-09 0.00611521 -1.51092e-09 0.00882124 -1.93304e-09 0.00573061 -1.63546e-09 0.0035093 -1.48075e-09 0.00263742 -1.3333e-09 0.00187694 -1.0079e-09 0.00143784 -4.57346e-10 0.00133725 -3.54547e-10 0.00103829 -3.15939e-10 0.000170441 -2.98237e-10 0.00034865 -1.01811e-09 
1.63768e-09 -0.266068 7.02272e-11 1.09678 -6.28128e-10 1.20931 -1.68613e-09 1.30214 -1.93304e-09 1.3836 -1.74017e-09 1.27579 -2.03559e-09 1.14674 -1.67516e-09 1.03117 -9.88216e-10 0.926732 -4.58803e-10 0.860423 -4.12888e-10 0.78821 -2.6607e-10 0.743616 1.56157e-09 -0.31773 7.08767e-11 1.09677 
0.000258403 -4.94249e-10 0.000292553 -1.26165e-09 0.00315082 -1.83923e-09 0.00392543 -1.81687e-09 0.00573061 -1.74017e-09 0.00841303 -2.20811e-09 0.00545414 -1.88177e-09 0.00337369 -1.57092e-09 0.00252925 -1.15823e-09 0.00192051 -7.19195e-10 0.00161434 -4.53892e-10 0.00146633 -5.24959e-10 -0.000158528 -3.95725e-10 0.000293267 -1.26165e-09 
1.71681e-09 -0.317165 6.34193e-11 1.07387 -7.26151e-10 1.11794 -1.58265e-09 1.20333 -1.63546e-09 1.27579 -2.20811e-09 1.3394 -2.04512e-09 1.21566 -1.39407e-09 1.09715 -8.53197e-10 0.988694 -4.49419e-10 0.891261 -4.00236e-10 0.83533 -2.73609e-10 0.764786 1.6173e-09 -0.356024 6.41351e-11 1.07387 
-0.000371052 -1.99717e-10 0.000289778 -1.23785e-09 0.00216814 -1.90331e-09 0.00290164 -2.09988e-09 0.0035093 -2.03559e-09 0.00545414 -2.04512e-09 0.00814551 -2.16331e-09 0.00531394 -1.72183e-09 0.00328648 -9.15536e-10 0.00265136 -6.66374e-10 0.00225133 -4.05926e-10 0.00208534 -5.14918e-10 -0.000645007 -1.18575e-10 0.000290701 -1.23784e-09 
1.62287e-09 -0.358057 1.31515e-10 1.03179 -5.26215e-10 0.998993 -1.35053e-09 1.07716 -1.48075e-09 1.14674 -1.88177e-09 1.21566 -2.16331e-09 1.27732 -1.53828e-09 1.16372 -8.45633e-10 1.05219 -5.3344e-10 0.949816 -4.87807e-10 0.861796 -3.7084e-10 0.809527 1.50057e-09 -0.388491 1.3226e-10 1.03179 
-0.000920281 -4.12094e-11 0.000240036 -9.40395e-10 0.00155512 -1.26173e-09 0.00206379 -1.62229e-09 0.00263742 -1.67516e-09 0.00337369 -1.39407e-09 0.00531394 -1.53828e-09 0.00786756 -1.88689e-09 0.00505337 -9.84066e-10 0.00336038 -6.17516e-10 0.00295819 -4.81791e-10 0.00273058 -5.40913e-10 -0.00112741 -2.24173e-11 0.000240584 -9.40397e-10 
1.48264e-09 -0.391652 9.74005e-11 0.989971 -8.88351e-11 0.926671 -1.24049e-09 0.967041 -1.3333e-09 1.03117 -1.57092e-09 1.09715 -1.72183e-09 1.16372 -1.88689e-09 1.22953 -1.06361e-09 1.11914 -5.96899e-10 1.01275 -5.91724e-10 0.921328 -5.04688e-10 0.836924 1.3334e-09 -0.41252 9.74976e-11 0.989971 
-0.00129693 2.82139e-11 0.000226563 -5.38954e-10 0.00125091 -6.11609e-10 0.00146444 -8.08717e-10 0.00187694 -9.88216e-10 0.00252925 -8.53197e-10 0.00328648 -8.45633e-10 0.00505337 -1.06361e-09 0.00745723 -1.28506e-09 0.00505406 -7.57396e-10 0.0037548 -6.11647e-10 0.00356518 -6.8677e-10 -0.00142399 2.71893e-11 0.000226591 -5.38955e-10 
9.7723e-10 -0.418642 6.42377e-11 0.942967 5.99017e-11 0.839954 -3.59168e-10 0.894763 -1.0079e-09 0.926732 -1.15823e-09 0.988694 -9.15536e-10 1.05219 -9.84066e-10 1.11914 -1.28506e-09 1.17749 -7.47482e-10 1.06808 -6.47561e-10 0.975117 -5.76905e-10 0.889536 8.36413e-10 -0.435626 6.43164e-11 0.942966 
-0.00156639 9.22532e-11 0.000248645 -2.77591e-10 0.00101017 -4.04819e-10 0.00128906 -4.39361e-10 0.00143784 -4.58803e-10 0.00192051 -4.49419e-10 0.00265136 -5.3344e-10 0.00336038 -5.96899e-10 0.00505406 -7.47482e-10 0.00763793 -8.23072e-10 0.00580358 -7.06134e-10 0.00480197 -7.27791e-10 -0.0016432 1.0149e-10 0.000248767 -2.7759e-10 
5.94043e-10 -0.441676 7.16575e-11 0.893395 2.12117e-10 0.78604 -1.67149e-10 0.813462 -4.57346e-10 0.860423 -7.19195e-10 0.891261 -6.66374e-10 0.949816 -6.17516e-10 1.01275 -7.57396e-10 1.06808 -8.23072e-10 1.11525 -7.53317e-10 1.02153 -6.05907e-10 0.934346 4.34565e-10 -0.455343 7.17752e-11 0.893394 
-0.00214006 1.41967e-10 0.000205309 -2.46222e-10 0.00082943 -3.92935e-10 0.00115179 -3.9722e-10 0.00133725 -4.12888e-10 0.00161434 -4.00236e-10 0.00225133 -4.87807e-10 0.00295819 -5.91724e-10 0.0037548 -6.47561e-10 0.00580358 -7.53317e-10 0.00907979 -8.23327e-10 0.00761919 -8.16374e-10 -0.00219651 1.5866e-10 0.000205316 -2.46223e-10 
4.85839e-10 -0.459875 9.319e-11 0.850212 1.74764e-10 0.73842 -1.10441e-10 0.767689 -3.54547e-10 0.78821 -4.53892e-10 0.83533 -4.05926e-10 0.861796 -4.81791e-10 0.921328 -6.11647e-10 0.975117 -7.06134e-10 1.02153 -8.23327e-10 1.07376 -6.83825e-10 0.984952 3.61246e-10 -0.469834 9.3304e-11 0.850211 
-0.00302538 1.53189e-10 0.00014987 -9.18959e-11 0.000612119 -2.26031e-10 0.000771267 -1.84995e-10 0.00103829 -2.6607e-10 0.00146633 -2.73609e-10 0.00208534 -3.7084e-10 0.00273058 -5.04688e-10 0.00356518 -5.76905e-10 0.00480197 -6.05907e-10 0.00761919 -6.83825e-10 0.0122645 -8.90316e-10 -0.00302636 1.69693e-10 0.000149352 -9.18981e-11 
6.23583e-10 -0.479702 7.57027e-11 0.811997 2.77752e-10 0.688094 -2.55724e-12 0.722475 -3.15939e-10 0.743616 -5.24959e-10 0.764786 -5.14918e-10 0.809527 -5.40913e-10 0.836924 -6.8677e-10 0.889536 -7.27791e-10 0.934346 -8.16374e-10 0.984952 -8.90316e-10 1.04179 4.64612e-10 -0.488647 7.57911e-11 0.811996 
0.0310399 -4.56253e-10 0.00173983 5.23232e-10 0.00112207 6.2362e-10 0.000574527 1.58672e-09 0.000170441 1.56157e-09 -0.000158528 1.6173e-09 -0.000645007 1.50057e-09 -0.00112741 1.3334e-09 -0.00142399 8.36413e-10 -0.0016432 4.34565e-10 -0.00219651 3.61246e-10 -0.00302636 4.64612e-10 0.0306717 -4.86007e-10 0.00173858 5.23227e-10 
-5.82538e-10 1.43141 2.94127e-10 -0.20027 -5.14859e-10 -0.199527 -3.77278e-10 -0.26566 -2.98237e-10 -0.31773 -3.95725e-10 -0.356024 -1.18575e-10 -0.388491 -2.24173e-11 -0.41252 2.71893e-11 -0.435626 1.0149e-10 -0.455343 1.5866e-10 -0.469834 1.69693e-10 -0.488647 -4.86007e-10 1.425 2.93428e-10 -0.200272 
0.00177654 3.40079e-10 0.00286139 6.37479e-10 0.000435572 8.98096e-10 0.00040315 9.40469e-11 0.00034865 7.08767e-11 0.000293267 6.41351e-11 0.000290701 1.3226e-10 0.000240584 9.74976e-11 0.000226591 6.43164e-11 0.000248767 7.17752e-11 0.000205316 9.3304e-11 0.000149352 7.57911e-11 0.00173858 2.93428e-10 0.00286092 6.37481e-10 
5.7702e-10 -0.174016 6.37119e-10 1.23973 -5.24177e-10 1.09777 -1.02397e-09 1.10126 -1.01811e-09 1.09677 -1.26165e-09 1.07387 -1.23784e-09 1.03179 -9.40397e-10 0.989971 -5.38955e-10 0.942966 -2.7759e-10 0.893394 -2.46223e-10 0.850211 -9.18981e-11 0.811996 5.23227e-10 -0.200272 6.37481e-10 1.23973 


0.0937973
28	-1.29591e-09 1.40102e-09 -6.29654e-09 6.64056e-09 -1.26396e-08 1.29748e-08 6.37703e-08 -6.41208e-08 -2.3151e-09 2.014e-09 -2.21715e-09 2.10984e-09 -2.99928e-09 2.89651e-09 -3.12003e-09 2.99951e-09 -3.08511e-09 3.02656e-09 -3.3703e-09 3.2327e-09 -3.24764e-09 3.08123e-09 -3.36658e-09 3.31647e-09 -6.17937e-11 2.0658e-10 -6.29663e-09 6.64056e-09 
28 28	0.581917 -0.467865 -0.139322 0.12745 -0.103986 0.093506 -0.127872 0.113907 -0.147276 0.130182 -0.162637 0.142857 -0.17051 0.148665 -0.178843 0.155354 -0.18559 0.161022 -0.194206 0.168245 -0.202243 0.174625 -0.208594 0.179303 0.576166 -0.462873 -0.139326 0.127451 
-0.467865 0.560871 0.126719 -0.133852 0.0925639 -0.10047 0.112781 -0.123218 0.12896 -0.141785 0.141658 -0.156355 0.1478 -0.163702 0.154769 -0.171988 0.160402 -0.178994 0.167777 -0.187516 0.174352 -0.195261 0.179067 -0.201375 -0.462782 0.555477 0.126719 -0.133857 
-0.139322 0.126719 0.518832 -0.449942 0.399748 -0.348871 0.409043 -0.357871 0.411101 -0.360993 0.407493 -0.357845 0.392073 -0.344337 0.384717 -0.338019 0.373312 -0.328027 0.361866 -0.318045 0.351512 -0.308819 0.340805 -0.299644 -0.139659 0.127085 0.51883 -0.449945 
0.12745 -0.133852 -0.449942 0.50361 -0.349603 0.385668 -0.358707 0.394779 -0.36157 0.397308 -0.358453 0.393493 -0.34515 0.378029 -0.338907 0.371188 -0.329052 0.360491 -0.319053 0.349356 -0.309879 0.339268 -0.300303 0.32874 0.127846 -0.133975 -0.449943 0.503609 
-0.103986 0.0925639 0.399748 -0.349603 0.472495 -0.399328 0.429293 -0.367055 0.411475 -0.354662 0.385453 -0.332465 0.34691 -0.300187 0.333778 -0.289619 0.315046 -0.274718 0.305261 -0.266859 0.296312 -0.259733 0.284883 -0.250872 -0.122392 0.107106 0.399747 -0.349602 
0.093506 -0.10047 -0.348871 0.385668 -0.399328 0.456051 -0.367111 0.41389 -0.354554 0.39728 -0.332442 0.371828 -0.300366 0.334308 -0.289865 0.321538 -0.274961 0.303774 -0.26703 0.293968 -0.259968 0.285076 -0.250653 0.273906 0.108079 -0.118245 -0.348869 0.385668 
-0.127872 0.112781 0.409043 -0.358707 0.429293 -0.367111 0.505277 -0.430706 0.447671 -0.385057 0.418025 -0.361012 0.378 -0.326331 0.350907 -0.304097 0.338645 -0.294671 0.320748 -0.28042 0.312893 -0.273873 0.303196 -0.266526 -0.143472 0.125321 0.409043 -0.358706 
0.113907 -0.123218 -0.357871 0.394779 -0.367055 0.41389 -0.430706 0.488865 -0.385014 0.43276 -0.361 0.403542 -0.326431 0.364255 -0.304301 0.338328 -0.294838 0.326509 -0.280587 0.309304 -0.274166 0.30131 -0.2664 0.291863 0.126477 -0.138288 -0.35787 0.394779 
-0.147276 0.12896 0.411101 -0.36157 0.411475 -0.354554 0.447671 -0.385014 0.518721 -0.444247 0.448291 -0.385983 0.405181 -0.350064 0.37699 -0.325888 0.352036 -0.305676 0.341122 -0.297394 0.324209 -0.283541 0.315481 -0.276686 -0.159583 0.138786 0.4111 -0.36157 
0.130182 -0.141785 -0.360993 0.397308 -0.354662 0.39728 -0.385057 0.43276 -0.444247 0.503322 -0.38601 0.43354 -0.350262 0.391 -0.326179 0.36371 -0.30596 0.339873 -0.297715 0.329126 -0.284 0.312675 -0.276761 0.304176 0.140036 -0.153696 -0.360992 0.397308 
-0.162637 0.141658 0.407493 -0.358453 0.385453 -0.332442 0.418025 -0.361 0.448291 -0.38601 0.514571 -0.440293 0.433757 -0.372799 0.403073 -0.348001 0.377014 -0.325684 0.354243 -0.307478 0.344733 -0.300192 0.327491 -0.286402 -0.170709 0.14803 0.407492 -0.358454 
0.142857 -0.156355 -0.357845 0.393493 -0.332465 0.371828 -0.361012 0.403542 -0.385983 0.43354 -0.440293 0.498888 -0.372958 0.418818 -0.348235 0.388808 -0.325869 0.363648 -0.307769 0.341697 -0.300594 0.332336 -0.286426 0.315755 0.149238 -0.164206 -0.357846 0.393494 
-0.17051 0.1478 0.392073 -0.34515 0.34691 -0.300366 0.378 -0.326431 0.405181 -0.350262 0.433757 -0.372958 0.462628 -0.390442 0.424805 -0.364574 0.396665 -0.341686 0.372842 -0.321655 0.351472 -0.304293 0.341924 -0.296983 -0.176562 0.152589 0.39207 -0.345153 
0.148665 -0.163702 -0.344337 0.378029 -0.300187 0.334308 -0.326331 0.364255 -0.350064 0.391 -0.372799 0.418818 -0.390442 0.446483 -0.364536 0.409699 -0.341658 0.382217 -0.321692 0.359091 -0.304386 0.338457 -0.296793 0.328963 0.153449 -0.169611 -0.344338 0.378028 
-0.178843 0.154769 0.384717 -0.338907 0.333778 -0.289865 0.350907 -0.304301 0.37699 -0.326179 0.403073 -0.348235 0.424805 -0.364536 0.460283 -0.387989 0.422388 -0.361573 0.395994 -0.34071 0.37378 -0.321706 0.351869 -0.30392 -0.18254 0.157691 0.384714 -0.338908 
0.155354 -0.171988 -0.338019 0.371188 -0.289619 0.321538 -0.304097 0.338328 -0.325888 0.36371 -0.348001 0.388808 -0.364574 0.409699 -0.387989 0.444146 -0.361603 0.407472 -0.340765 0.381567 -0.321716 0.360169 -0.303629 0.338914 0.158291 -0.17563 -0.338018 0.371187 
-0.18559 0.160402 0.373312 -0.329052 0.315046 -0.274961 0.338645 -0.294838 0.352036 -0.30596 0.377014 -0.325869 0.396665 -0.341658 0.422388 -0.361603 0.454055 -0.381539 0.418187 -0.357126 0.39295 -0.336855 0.370384 -0.31762 -0.18905 0.163196 0.373308 -0.329053 
0.161022 -0.178994 -0.328027 0.360491 -0.274718 0.303774 -0.294671 0.326509 -0.305676 0.339873 -0.325684 0.363648 -0.341686 0.382217 -0.361573 0.407472 -0.381539 0.43846 -0.356981 0.403572 -0.336787 0.379051 -0.317309 0.357099 0.163849 -0.182344 -0.328027 0.360489 
-0.194206 0.167777 0.361866 -0.319053 0.305261 -0.26703 0.320748 -0.280587 0.341122 -0.297715 0.354243 -0.307769 0.372842 -0.321692 0.395994 -0.340765 0.418187 -0.356981 0.448397 -0.376454 0.413679 -0.352025 0.38855 -0.332011 -0.197189 0.170292 0.361863 -0.319055 
0.168245 -0.187516 -0.318045 0.349356 -0.266859 0.293968 -0.28042 0.309304 -0.297394 0.329126 -0.307478 0.341697 -0.321655 0.359091 -0.34071 0.381567 -0.357126 0.403572 -0.376454 0.433069 -0.351987 0.399624 -0.331725 0.374979 0.170809 -0.190372 -0.318045 0.349354 
