10	0.0153846 0.196406 0.0153846 0.0921597 0.0153503 0.243544 0.231051 0.0299221 0.130028 0.0307692 

10 10	0.95461 0.0113827 0.00680694 8.92449e-249 0.00600368 0.00100424 0.0106869 3.462e-178 0.00655179 0.00215367 
0.00470297 0.916875 0.0130417 0.0155945 1.39331e-149 0.00202737 0.00767666 0.000977846 0.00317606 2.84489e-115 
0.0133995 0.00521597 0.635831 0.00874898 0.00989982 0.0158844 0.0327114 0.00976585 0.0334522 0.0293308 
0.00457353 0.0102923 0.0120189 0.897122 2.22145e-19 0.00203211 0.0135342 0.00131291 0.00165875 0.023579 
0 0.00511289 0.00972361 0.036287 0.908634 5.53133e-59 0.00358833 1.5357e-66 0.00293441 0.00841119 
0.0075601 0.0216215 0.221222 0.0368821 0.0159015 0.957135 0.0144037 0.0100477 0.0301685 0.0281204 
0.00681539 0.0107207 0.0140595 1.56145e-77 0.0146004 0.000652459 0.888109 0.00302628 0.00736447 0.00267171 
0.00750455 1.22712e-22 0.036914 0.00161333 0.00388069 0.0042071 0.0193251 0.968457 0.00794026 0.00114241 
4.44037e-218 0.00897426 0.00350379 0.00117836 0.0318285 0.00885658 0.00399906 0.00197382 0.906754 0.00787997 
0.000834424 0.00980505 0.0468784 0.00257397 0.00925101 0.00820055 0.00596609 0.00443846 3.39974e-57 0.896711 


10	496.806 355.01 496.806 355.01 496.806 355.01 496.806 355.01 496.806 355.01 
10 10	1 5.68434e-14 5.68434e-14 5.68434e-14 5.68434e-14 5.68434e-14 5.68434e-14 5.68434e-14 5.68434e-14 5.68434e-14 
5.68434e-14 1 3.23117e-27 3.23117e-27 3.23117e-27 3.23117e-27 3.23117e-27 3.23117e-27 3.23117e-27 3.23117e-27 
5.68434e-14 3.23117e-27 1 3.23117e-27 3.23117e-27 3.23117e-27 3.23117e-27 3.23117e-27 3.23117e-27 3.23117e-27 
5.68434e-14 3.23117e-27 3.23117e-27 1 3.23117e-27 3.23117e-27 3.23117e-27 3.23117e-27 3.23117e-27 3.23117e-27 
5.68434e-14 3.23117e-27 3.23117e-27 3.23117e-27 1 3.23117e-27 3.23117e-27 3.23117e-27 3.23117e-27 3.23117e-27 
5.68434e-14 3.23117e-27 3.23117e-27 3.23117e-27 3.23117e-27 1 3.23117e-27 3.23117e-27 3.23117e-27 3.23117e-27 
5.68434e-14 3.23117e-27 3.23117e-27 3.23117e-27 3.23117e-27 3.23117e-27 1 3.23117e-27 3.23117e-27 3.23117e-27 
5.68434e-14 3.23117e-27 3.23117e-27 3.23117e-27 3.23117e-27 3.23117e-27 3.23117e-27 1 3.23117e-27 3.23117e-27 
5.68434e-14 3.23117e-27 3.23117e-27 3.23117e-27 3.23117e-27 3.23117e-27 3.23117e-27 3.23117e-27 1 3.23117e-27 
5.68434e-14 3.23117e-27 3.23117e-27 3.23117e-27 3.23117e-27 3.23117e-27 3.23117e-27 3.23117e-27 3.23117e-27 1 


10	542.541 293.855 542.541 293.855 542.541 293.855 542.541 293.855 542.541 293.855 
10 10	38661.8 -227.928 38661.8 -227.928 38661.8 -227.928 38661.8 -227.928 38661.8 -227.928 
-227.928 2.96262 -227.928 2.96262 -227.928 2.96262 -227.928 2.96262 -227.928 2.96262 
38661.8 -227.928 38662.8 -227.928 38661.8 -227.928 38661.8 -227.928 38661.8 -227.928 
-227.928 2.96262 -227.928 3.96262 -227.928 2.96262 -227.928 2.96262 -227.928 2.96262 
38661.8 -227.928 38661.8 -227.928 38662.8 -227.928 38661.8 -227.928 38661.8 -227.928 
-227.928 2.96262 -227.928 2.96262 -227.928 3.96262 -227.928 2.96262 -227.928 2.96262 
38661.8 -227.928 38661.8 -227.928 38661.8 -227.928 38662.8 -227.928 38661.8 -227.928 
-227.928 2.96262 -227.928 2.96262 -227.928 2.96262 -227.928 3.96262 -227.928 2.96262 
38661.8 -227.928 38661.8 -227.928 38661.8 -227.928 38661.8 -227.928 38662.8 -227.928 
-227.928 2.96262 -227.928 2.96262 -227.928 2.96262 -227.928 2.96262 -227.928 3.96262 


10	529.789 286.489 529.789 286.489 529.789 286.489 529.789 286.489 529.789 286.489 
10 10	1 0 0 0 0 0 0 0 0 0 
0 1 0 0 0 0 0 0 0 0 
0 0 1 0 0 0 0 0 0 0 
0 0 0 1 0 0 0 0 0 0 
0 0 0 0 1 0 0 0 0 0 
0 0 0 0 0 1 0 0 0 0 
0 0 0 0 0 0 1 0 0 0 
0 0 0 0 0 0 0 1 0 0 
0 0 0 0 0 0 0 0 1 0 
0 0 0 0 0 0 0 0 0 1 


10	316.521 407.156 316.521 407.156 316.521 407.156 316.521 407.156 316.521 407.156 
10 10	328.67 -223.624 328.67 -223.624 328.67 -223.624 328.67 -223.624 328.67 -223.624 
-223.624 297.99 -223.624 297.99 -223.624 297.99 -223.624 297.99 -223.624 297.99 
328.67 -223.624 329.67 -223.624 328.67 -223.624 328.67 -223.624 328.67 -223.624 
-223.624 297.99 -223.624 298.99 -223.624 297.99 -223.624 297.99 -223.624 297.99 
328.67 -223.624 328.67 -223.624 329.67 -223.624 328.67 -223.624 328.67 -223.624 
-223.624 297.99 -223.624 297.99 -223.624 298.99 -223.624 297.99 -223.624 297.99 
328.67 -223.624 328.67 -223.624 328.67 -223.624 329.67 -223.624 328.67 -223.624 
-223.624 297.99 -223.624 297.99 -223.624 297.99 -223.624 298.99 -223.624 297.99 
328.67 -223.624 328.67 -223.624 328.67 -223.624 328.67 -223.624 329.67 -223.624 
-223.624 297.99 -223.624 297.99 -223.624 297.99 -223.624 297.99 -223.624 298.99 


10	212.965 241.63 212.965 241.63 212.965 241.63 212.965 241.63 212.965 241.63 
10 10	1 0 0 0 0 0 0 0 0 0 
0 1 0 2.84217e-14 0 2.84217e-14 0 2.84217e-14 0 2.84217e-14 
0 0 1 0 0 0 0 0 0 0 
0 2.84217e-14 0 1 0 8.07794e-28 0 8.07794e-28 0 8.07794e-28 
0 0 0 0 1 0 0 0 0 0 
0 2.84217e-14 0 8.07794e-28 0 1 0 8.07794e-28 0 8.07794e-28 
0 0 0 0 0 0 1 0 0 0 
0 2.84217e-14 0 8.07794e-28 0 8.07794e-28 0 1 0 8.07794e-28 
0 0 0 0 0 0 0 0 1 0 
0 2.84217e-14 0 8.07794e-28 0 8.07794e-28 0 8.07794e-28 0 1 


10	393.02 170.081 392.957 170.018 392.957 170.018 392.957 170.018 392.957 170.018 
10 10	8.95387 81.6292 8.74964 81.425 8.74964 81.425 8.74964 81.425 8.74964 81.425 
81.6292 1585.64 79.0073 1583.02 79.0073 1583.02 79.0073 1583.02 79.0073 1583.02 
8.74964 79.0073 9.55076 79.0404 8.78267 79.0404 8.78267 79.0404 8.78267 79.0404 
81.425 1583.02 79.0404 1581.46 78.8622 1580.46 78.8622 1580.46 78.8622 1580.46 
8.74964 79.0073 8.78267 78.8622 9.60454 78.8622 8.60454 78.8622 8.60454 78.8622 
81.425 1583.02 79.0404 1580.46 78.8622 1581.46 78.8622 1580.46 78.8622 1580.46 
8.74964 79.0073 8.78267 78.8622 8.60454 78.8622 9.60454 78.8622 8.60454 78.8622 
81.425 1583.02 79.0404 1580.46 78.8622 1580.46 78.8622 1581.46 78.8622 1580.46 
8.74964 79.0073 8.78267 78.8622 8.60454 78.8622 8.60454 78.8622 9.60454 78.8622 
81.425 1583.02 79.0404 1580.46 78.8622 1580.46 78.8622 1580.46 78.8622 1581.46 


10	315.963 155.196 315.963 155.196 315.963 155.196 315.963 155.196 315.963 155.196 
10 10	7215.97 -536.9 7215.96 -536.905 7215.96 -536.905 7215.96 -536.905 7215.96 -536.905 
-536.9 2171.35 -536.904 2171.35 -536.904 2171.35 -536.904 2171.35 -536.904 2171.35 
7215.96 -536.904 7216.96 -536.901 7215.97 -536.901 7215.97 -536.901 7215.97 -536.901 
-536.905 2171.35 -536.901 2172.34 -536.909 2171.34 -536.909 2171.34 -536.909 2171.34 
7215.96 -536.904 7215.97 -536.909 7216.96 -536.909 7215.96 -536.909 7215.96 -536.909 
-536.905 2171.35 -536.901 2171.34 -536.909 2172.34 -536.909 2171.34 -536.909 2171.34 
7215.96 -536.904 7215.97 -536.909 7215.96 -536.909 7216.96 -536.909 7215.96 -536.909 
-536.905 2171.35 -536.901 2171.34 -536.909 2171.34 -536.909 2172.34 -536.909 2171.34 
7215.96 -536.904 7215.97 -536.909 7215.96 -536.909 7215.96 -536.909 7216.96 -536.909 
-536.905 2171.35 -536.901 2171.34 -536.909 2171.34 -536.909 2171.34 -536.909 2172.34 


10	463.2 449.748 463.2 449.748 463.2 449.748 463.2 449.748 463.2 449.748 
10 10	4531.89 -2108.35 4531.89 -2108.35 4531.89 -2108.35 4531.89 -2108.35 4531.89 -2108.35 
-2108.35 981.854 -2108.35 980.854 -2108.35 980.854 -2108.35 980.854 -2108.35 980.854 
4531.89 -2108.35 4532.89 -2108.35 4531.89 -2108.35 4531.89 -2108.35 4531.89 -2108.35 
-2108.35 980.854 -2108.35 981.854 -2108.35 980.854 -2108.35 980.854 -2108.35 980.854 
4531.89 -2108.35 4531.89 -2108.35 4532.89 -2108.35 4531.89 -2108.35 4531.89 -2108.35 
-2108.35 980.854 -2108.35 980.854 -2108.35 981.854 -2108.35 980.854 -2108.35 980.854 
4531.89 -2108.35 4531.89 -2108.35 4531.89 -2108.35 4532.89 -2108.35 4531.89 -2108.35 
-2108.35 980.854 -2108.35 980.854 -2108.35 980.854 -2108.35 981.854 -2108.35 980.854 
4531.89 -2108.35 4531.89 -2108.35 4531.89 -2108.35 4531.89 -2108.35 4532.89 -2108.35 
-2108.35 980.854 -2108.35 980.854 -2108.35 980.854 -2108.35 980.854 -2108.35 981.854 


10	367.778 322.558 367.778 322.558 367.778 322.558 367.778 322.558 367.778 322.558 
10 10	2453.6 3962.22 2453.6 3962.22 2453.6 3962.22 2453.6 3962.22 2453.6 3962.22 
3962.22 9831.01 3962.22 9831.01 3962.22 9831.01 3962.22 9831.01 3962.22 9831.01 
2453.6 3962.22 2454.6 3962.22 2453.6 3962.22 2453.6 3962.22 2453.6 3962.22 
3962.22 9831.01 3962.22 9832.01 3962.22 9831.01 3962.22 9831.01 3962.22 9831.01 
2453.6 3962.22 2453.6 3962.22 2454.6 3962.22 2453.6 3962.22 2453.6 3962.22 
3962.22 9831.01 3962.22 9831.01 3962.22 9832.01 3962.22 9831.01 3962.22 9831.01 
2453.6 3962.22 2453.6 3962.22 2453.6 3962.22 2454.6 3962.22 2453.6 3962.22 
3962.22 9831.01 3962.22 9831.01 3962.22 9831.01 3962.22 9832.01 3962.22 9831.01 
2453.6 3962.22 2453.6 3962.22 2453.6 3962.22 2453.6 3962.22 2454.6 3962.22 
3962.22 9831.01 3962.22 9831.01 3962.22 9831.01 3962.22 9831.01 3962.22 9832.01 


10	225.499 447.094 225.499 447.094 225.499 447.094 225.499 447.094 225.499 447.094 
10 10	7.12844 111.648 7.12844 111.648 7.12844 111.648 7.12844 111.648 7.12844 111.648 
111.648 1749.68 111.648 1748.68 111.648 1748.68 111.648 1748.68 111.648 1748.68 
7.12844 111.648 8.12844 111.648 7.12844 111.648 7.12844 111.648 7.12844 111.648 
111.648 1748.68 111.648 1749.68 111.648 1748.68 111.648 1748.68 111.648 1748.68 
7.12844 111.648 7.12844 111.648 8.12844 111.648 7.12844 111.648 7.12844 111.648 
111.648 1748.68 111.648 1748.68 111.648 1749.68 111.648 1748.68 111.648 1748.68 
7.12844 111.648 7.12844 111.648 7.12844 111.648 8.12844 111.648 7.12844 111.648 
111.648 1748.68 111.648 1748.68 111.648 1748.68 111.648 1749.68 111.648 1748.68 
7.12844 111.648 7.12844 111.648 7.12844 111.648 7.12844 111.648 8.12844 111.648 
111.648 1748.68 111.648 1748.68 111.648 1748.68 111.648 1748.68 111.648 1749.68 


10 10	1.02982 0.0522262 0.0240186 -0.100265 -0.0365816 0.0835609 0.0742819 0.0443192 -0.0857525 -0.0305538 
-0.00954904 1.07664 -0.00655241 -0.178531 0.0112847 0.148976 -0.00174906 0.0807676 -9.70939e-05 -0.131577 
0.0139889 0.0099033 1.96302 -0.0817242 -1.02027 0.397827 -0.0513226 -0.559495 0.095051 0.242445 
0.00125588 0.0212614 -0.0248042 1.92043 0.0745651 -1.06726 -0.0737188 0.122391 0.0229094 0.0023668 
-2.19339e-13 -1.97195e-15 1 9.8839e-13 5.67255e-14 -2.10165e-13 -1.16392e-12 1.14531e-12 2.3679e-15 -7.68274e-14 
1.24761e-14 3.51297e-13 1.92228e-13 1 5.88141e-14 2.71827e-12 6.18672e-13 -4.30322e-12 -3.26822e-14 2.54019e-13 
-2.20959e-13 -1.88348e-14 3.51476e-13 1.13461e-12 1 -2.64677e-13 -1.04037e-12 1.30007e-12 -2.80956e-14 -7.79377e-14 
1.15108e-14 3.48539e-13 1.89099e-13 -3.75444e-12 6.70297e-14 1 6.04489e-13 -4.17177e-12 -3.06977e-14 2.21601e-13 
-2.1878e-13 -3.53337e-14 3.08288e-13 1.32244e-12 -1.10745e-13 -4.06786e-13 1 1.50924e-12 -2.61631e-14 -9.14824e-14 
1.04864e-14 3.48889e-13 1.90854e-13 -3.75905e-12 6.31439e-14 2.58904e-12 5.98382e-13 1 -3.10446e-14 2.20268e-13 

10	-14.692 4.02216 -2.42641 0.21698 -1.2443e-10 1.07332e-09 -1.75248e-10 1.07042e-09 -2.25896e-10 1.06496e-09 
10 10	5.22149 0.779161 0.423564 -0.0671255 2.47128e-08 -2.82134e-08 2.60552e-08 -2.80083e-08 2.7343e-08 -2.77455e-08 
0.779161 2.63454 -0.178813 -0.257217 -3.95976e-08 8.91996e-08 -4.38349e-08 8.87849e-08 -4.79813e-08 8.81664e-08 
0.423564 -0.178813 12.5362 0.629282 2.87e-08 -3.31715e-08 3.02789e-08 -3.29314e-08 3.18032e-08 -3.26236e-08 
-0.0671255 -0.257217 0.629282 2.64479 -3.77167e-08 8.67622e-08 -4.18386e-08 8.6362e-08 -4.58731e-08 8.5769e-08 
2.47128e-08 -3.95976e-08 2.87e-08 -3.77167e-08 1 -3.74639e-08 3.23998e-08 -3.72033e-08 3.41206e-08 -3.68659e-08 
-2.82134e-08 8.91996e-08 -3.31715e-08 8.67622e-08 -3.74639e-08 1 -4.15821e-08 8.60018e-08 -4.55993e-08 8.54088e-08 
2.60552e-08 -4.38349e-08 3.02789e-08 -4.18386e-08 3.23998e-08 -4.15821e-08 1 -4.12992e-08 3.63143e-08 -4.09336e-08 
-2.80083e-08 8.87849e-08 -3.29314e-08 8.6362e-08 -3.72033e-08 8.60018e-08 -4.12992e-08 1 -4.52756e-08 8.49577e-08 
2.7343e-08 -4.79813e-08 3.18032e-08 -4.58731e-08 3.41206e-08 -4.55993e-08 3.63143e-08 -4.52756e-08 1 -4.48754e-08 
-2.77455e-08 8.81664e-08 -3.26236e-08 8.5769e-08 -3.68659e-08 8.54088e-08 -4.09336e-08 8.49577e-08 -4.48754e-08 1 


10 10	1.00001 0.0266087 0.315088 -0.0122829 -0.218346 0.0379253 0.131271 -0.0706763 -0.228732 0.0398955 
-0.113999 1.00978 0.0302702 0.179627 -0.00174691 -0.184869 -0.129277 0.177551 0.194677 -0.167312 
0.00913987 0.000776231 1.77512 -0.0224629 -0.753889 0.0999332 0.0397906 -0.112782 -0.0709245 0.0377505 
-0.00447103 0.0163972 0.0153653 1.88203 -0.0131891 -1.04101 -0.107049 0.178174 0.103759 -0.0355397 
-4.87731e-13 -5.49303e-14 1 2.26455e-13 1.8791e-12 -4.3783e-13 3.51937e-12 4.3765e-13 -3.88571e-13 -5.02653e-14 
1.29805e-14 -2.28654e-14 1.1751e-13 1 -1.15283e-13 1.36335e-13 -1.04222e-13 -4.74065e-14 -1.77913e-14 -3.7248e-14 
-4.83867e-13 -5.36859e-14 -3.10245e-13 2.16644e-13 1 -4.32043e-13 3.46665e-12 4.35638e-13 -3.78943e-13 -5.03278e-14 
2.11159e-15 -2.39175e-14 1.20431e-13 1.35069e-13 -9.87127e-14 1 -2.498e-15 1.09912e-14 -3.32651e-14 -5.38458e-14 
-4.82854e-13 -5.27296e-14 -3.04003e-13 2.12828e-13 1.94833e-12 -4.35988e-13 1 4.35117e-13 -3.77771e-13 -4.81559e-14 
-9.09559e-15 -2.50754e-14 1.06845e-13 1.28904e-13 -4.31322e-14 8.03801e-14 7.19702e-14 1 -4.11476e-14 -5.25691e-14 

10	-5.94901 3.59834 -0.689007 2.33566 -1.87021e-09 4.37694e-12 -1.86901e-09 -3.67208e-11 -1.86287e-09 -7.86713e-11 
10 10	3.93562 -0.846473 1.05221 -0.808856 -1.30389e-07 3.32788e-09 -1.30414e-07 4.26667e-10 -1.3009e-07 -2.55409e-09 
-0.846473 8.81033 -0.171906 2.3159 -2.21041e-09 -1.32422e-09 -2.16301e-09 -1.35515e-09 -2.11145e-09 -1.38061e-09 
1.05221 -0.171906 5.04233 -2.00206 -1.29632e-07 3.34572e-09 -1.29658e-07 4.60659e-10 -1.29337e-07 -2.50361e-09 
-0.808856 2.3159 -2.00206 12.9529 6.29325e-09 -1.7244e-09 6.34827e-09 -1.56433e-09 6.38511e-09 -1.39153e-09 
-1.30389e-07 -2.21041e-09 -1.29632e-07 6.29325e-09 1 3.39912e-09 -1.29672e-07 5.13097e-10 -1.29356e-07 -2.45257e-09 
3.32788e-09 -1.32422e-09 3.34572e-09 -1.7244e-09 3.39912e-09 1 3.45392e-09 -1.54796e-09 3.49746e-09 -1.44064e-09 
-1.30414e-07 -2.16301e-09 -1.29658e-07 6.34827e-09 -1.29672e-07 3.45392e-09 1 5.65677e-10 -1.29254e-07 -2.39857e-09 
4.26667e-10 -1.35515e-09 4.60659e-10 -1.56433e-09 5.13097e-10 -1.54796e-09 5.65677e-10 1 6.15159e-10 -1.47702e-09 
-1.3009e-07 -2.11145e-09 -1.29337e-07 6.38511e-09 -1.29356e-07 3.49746e-09 -1.29254e-07 6.15159e-10 1 -2.34203e-09 
-2.55409e-09 -1.38061e-09 -2.50361e-09 -1.39153e-09 -2.45257e-09 -1.44064e-09 -2.39857e-09 -1.47702e-09 -2.34203e-09 1 


10 10	1.05103 -0.00950367 0.180673 -0.120079 -0.219295 0.178709 0.206832 -0.022029 -0.213914 -0.0347101 
0.00393645 1.05408 -0.0164016 0.0190804 0.0638222 -0.00574288 -0.052097 0.149555 0.00336509 -0.225828 
0.103926 0.00187807 1.72856 -0.13166 -0.791572 0.0938606 -0.00135364 0.215303 -0.0399701 -0.183858 
-0.0189942 0.120154 -0.0276555 1.51335 0.0368573 -0.477872 0.0596456 -0.123793 -0.0506392 -0.0460434 
-5.90661e-14 3.77784e-14 1 -6.32914e-15 5.45151e-13 -1.37682e-13 -3.68754e-13 4.03039e-13 4.14457e-13 -1.8037e-13 
-1.7712e-14 5.6552e-16 -2.42861e-15 1 -2.54796e-14 -1.77525e-13 7.30804e-14 4.53082e-13 6.75571e-14 -1.22569e-13 
-6.27302e-14 3.86991e-14 -1.31503e-13 -5.09315e-15 1 -1.21833e-13 -3.35003e-13 4.01373e-13 4.09481e-13 -1.78704e-13 
-1.82046e-14 1.16573e-15 -6.64052e-15 2.93817e-13 -1.50158e-14 1 6.53644e-14 4.865e-13 7.19841e-14 -1.33005e-13 
-6.32372e-14 3.8634e-14 -1.34022e-13 4.22752e-15 5.13159e-13 -1.27898e-13 1 4.13863e-13 4.07709e-13 -1.80536e-13 
-1.8578e-14 9.88792e-16 -4.64906e-15 2.90528e-13 -1.96509e-14 -1.95177e-13 6.99718e-14 1 7.2789e-14 -1.3084e-13 

10	1.65713 3.75459 1.86037 5.4818 -1.88095e-10 -1.74794e-10 -1.96337e-10 -1.77977e-10 -2.01965e-10 -1.79853e-10 
10 10	13.6567 6.55804 13.5813 5.33581 -6.341e-09 -1.86958e-09 -6.46105e-09 -1.91551e-09 -6.5229e-09 -1.95632e-09 
6.55804 10.2891 5.69305 8.67891 -2.54522e-09 -5.35692e-09 -2.77532e-09 -5.44787e-09 -2.94585e-09 -5.48971e-09 
13.5813 5.69305 43.8027 11.6342 -7.11589e-09 -2.34036e-09 -7.26141e-09 -2.39561e-09 -7.34144e-09 -2.4429e-09 
5.33581 8.67891 11.6342 31.0732 -2.55977e-09 -5.44787e-09 -2.79397e-09 -5.54064e-09 -2.96723e-09 -5.58248e-09 
-6.341e-09 -2.54522e-09 -7.11589e-09 -2.55977e-09 1 -2.63753e-09 -7.52334e-09 -2.69824e-09 -7.61065e-09 -2.74849e-09 
-1.86958e-09 -5.35692e-09 -2.34036e-09 -5.44787e-09 -2.63753e-09 1 -2.87673e-09 -5.69344e-09 -3.05499e-09 -5.73709e-09 
-6.46105e-09 -2.77532e-09 -7.26141e-09 -2.79397e-09 -7.52334e-09 -2.87673e-09 1 -2.94631e-09 -7.78891e-09 -2.9986e-09 
-1.91551e-09 -5.44787e-09 -2.39561e-09 -5.54064e-09 -2.69824e-09 -5.69344e-09 -2.94631e-09 1 -3.12366e-09 -5.82986e-09 
-6.5229e-09 -2.94585e-09 -7.34144e-09 -2.96723e-09 -7.61065e-09 -3.05499e-09 -7.78891e-09 -3.12366e-09 1 -3.17959e-09 
-1.95632e-09 -5.48971e-09 -2.4429e-09 -5.58248e-09 -2.74849e-09 -5.73709e-09 -2.9986e-09 -5.82986e-09 -3.17959e-09 1 


10 10	0.987346 -0.00490364 0.153739 0.0137648 -0.129903 -0.00903068 0.00143764 -0.012998 -0.0121557 0.0134977 
0.0117331 1.03107 -0.0612455 0.0671697 0.0733828 -0.110704 0.042617 0.174874 -0.0714455 -0.195132 
0.0160936 -0.00463153 1.80224 -0.0316416 -0.949195 0.0999859 0.26264 -0.0933638 -0.133215 0.0276256 
-0.0345623 0.0349918 -0.111422 2.01634 0.473239 -1.36454 -0.531304 0.449107 0.203834 -0.14 
1.00093e-13 -3.26122e-14 1 -1.94116e-14 4.16208e-12 1.876e-13 -4.59657e-12 1.47105e-14 -7.23969e-13 4.48253e-15 
-2.29034e-14 8.91106e-15 4.53929e-13 1 -8.41759e-13 -2.60736e-13 1.03377e-12 2.2482e-13 1.37446e-13 -4.42979e-14 
9.58915e-14 -3.19066e-14 -2.2597e-12 -1.9533e-14 1 1.86212e-13 -4.51123e-12 1.49325e-14 -7.33531e-13 4.92661e-15 
-2.56055e-14 1.00577e-14 4.99024e-13 9.86711e-14 -9.21818e-13 1 1.13982e-12 2.12053e-13 1.52253e-13 -4.35763e-14 
9.69975e-14 -3.18595e-14 -2.26942e-12 -1.98279e-14 4.05382e-12 1.8574e-13 1 1.53766e-14 -7.28584e-13 4.46865e-15 
-2.72605e-14 1.04732e-14 5.42462e-13 1.01044e-13 -9.98977e-13 -2.45359e-13 1.23293e-12 1 1.66242e-13 -4.63518e-14 

10	-0.157555 10.9229 1.27511 0.866419 1.17143e-09 -2.87287e-10 1.16705e-09 -3.17129e-10 1.16108e-09 -3.42652e-10 
10 10	1.71287 0.0558055 0.319239 0.123844 6.82485e-08 -1.50344e-08 6.80084e-08 -1.6702e-08 6.76628e-08 -1.81408e-08 
0.0558055 5.12434 -0.0856102 1.34794 -5.43287e-09 7.62157e-10 -5.41445e-09 8.76753e-10 -5.38807e-09 9.77707e-10 
0.319239 -0.0856102 3.29101 -1.50422 6.86341e-08 -1.51053e-08 6.83904e-08 -1.67811e-08 6.80448e-08 -1.82281e-08 
0.123844 1.34794 -1.50422 29.8501 -1.32786e-08 2.23372e-09 -1.32331e-08 2.53021e-09 -1.31672e-08 2.78851e-09 
6.82485e-08 -5.43287e-09 6.86341e-08 -1.32786e-08 1 -1.50881e-08 6.83103e-08 -1.67629e-08 6.79611e-08 -1.82072e-08 
-1.50344e-08 7.62157e-10 -1.51053e-08 2.23372e-09 -1.50881e-08 1 -1.50453e-08 2.93221e-09 -1.49703e-08 3.22689e-09 
6.80084e-08 -5.41445e-09 6.83904e-08 -1.32331e-08 6.83103e-08 -1.50453e-08 1 -1.6712e-08 6.77537e-08 -1.81526e-08 
-1.6702e-08 8.76753e-10 -1.67811e-08 2.53021e-09 -1.67629e-08 2.93221e-09 -1.6712e-08 1 -1.66137e-08 3.63252e-09 
6.76628e-08 -5.38807e-09 6.80448e-08 -1.31672e-08 6.79611e-08 -1.49703e-08 6.77537e-08 -1.66137e-08 1 -1.80644e-08 
-1.81408e-08 9.77707e-10 -1.82281e-08 2.78851e-09 -1.82072e-08 3.22689e-09 -1.81526e-08 3.63252e-09 -1.80644e-08 1 


10 10	1.00375 -0.059472 0.135466 -0.00428845 -0.0382439 0.0274394 0.0296564 -0.0216315 -0.131077 0.02138 
0.133447 1.0223 0.038082 0.202835 -0.0141953 -0.237566 0.118189 0.201751 -0.259452 -0.150919 
0.0159681 -0.000798839 1.60938 -0.072441 -0.451932 0.120763 -0.173969 -0.0342824 -0.00210238 -0.0187164 
0.00209135 0.0192517 0.0909276 1.92174 -0.0258418 -1.12953 -0.118927 0.215136 0.0573832 -0.0201123 
2.24314e-13 7.9231e-14 1 -2.58765e-13 5.58087e-12 6.82635e-13 -1.16318e-13 -6.90717e-13 2.57636e-13 2.13344e-13 
1.45925e-14 2.04294e-14 -1.62384e-13 1 8.92134e-13 5.22693e-13 -1.8377e-13 3.2363e-14 -1.79717e-14 3.86358e-14 
2.23434e-13 7.9132e-14 -1.43806e-13 -2.46721e-13 1 6.74684e-13 -1.33272e-13 -6.84144e-13 2.63515e-13 2.18946e-13 
7.59625e-15 1.54252e-14 -9.11701e-14 -3.76366e-14 6.07132e-13 1 -1.1452e-13 2.07501e-13 -2.53131e-14 1.47105e-15 
2.25618e-13 8.00049e-14 -1.46483e-13 -2.48718e-13 5.63819e-12 6.84952e-13 1 -6.76376e-13 2.57938e-13 2.19387e-13 
1.61102e-15 1.29562e-14 -8.78395e-14 -3.45904e-14 4.4828e-13 2.33591e-13 -1.09635e-13 1 -3.24601e-14 -4.21885e-15 

10	10.429 -17.1139 2.59138 -4.36231 -2.01152e-09 -3.18266e-10 -2.02573e-09 -2.60798e-10 -2.03653e-09 -2.00998e-10 
10 10	4.7551 -0.787232 0.749406 -0.547498 -1.8315e-07 -1.70157e-08 -1.84005e-07 -1.20212e-08 -1.84522e-07 -6.85782e-09 
-0.787232 10.6183 -0.181768 3.08582 -2.19047e-08 -4.97312e-09 -2.21166e-08 -4.32647e-09 -2.22913e-08 -3.64071e-09 
0.749406 -0.181768 5.70125 -2.9845 -1.87702e-07 -1.80312e-08 -1.88604e-07 -1.29023e-08 -1.89153e-07 -7.59655e-09 
-0.547498 3.08582 -2.9845 16.0901 -2.32344e-08 -5.9008e-09 -2.34836e-08 -5.20959e-09 -2.36932e-08 -4.46744e-09 
-1.8315e-07 -2.19047e-08 -1.87702e-07 -2.32344e-08 1 -1.82927e-08 -1.8991e-07 -1.31263e-08 -1.9047e-07 -7.78073e-09 
-1.70157e-08 -4.97312e-09 -1.80312e-08 -5.9008e-09 -1.82927e-08 1 -1.85146e-08 -4.83305e-09 -1.87083e-08 -4.23097e-09 
-1.84005e-07 -2.21166e-08 -1.88604e-07 -2.34836e-08 -1.8991e-07 -1.85146e-08 1 -1.3325e-08 -1.91401e-07 -7.95035e-09 
-1.20212e-08 -4.32647e-09 -1.29023e-08 -5.20959e-09 -1.31263e-08 -4.83305e-09 -1.3325e-08 1 -1.35042e-08 -3.96449e-09 
-1.84522e-07 -2.22913e-08 -1.89153e-07 -2.36932e-08 -1.9047e-07 -1.87083e-08 -1.91401e-07 -1.35042e-08 1 -8.10201e-09 
-6.85782e-09 -3.64071e-09 -7.59655e-09 -4.46744e-09 -7.78073e-09 -4.23097e-09 -7.95035e-09 -3.96449e-09 -8.10201e-09 1 


10 10	0.990176 -0.00467344 0.35106 0.0103193 -0.220142 -0.00703704 0.0503336 -0.0121309 -0.170736 0.0119805 
0.0038943 0.985786 0.0123802 0.362369 -0.00817131 -0.254587 -0.0327907 0.0837744 0.0236997 -0.176565 
0.00319874 -0.000951108 1.73394 -0.0247157 -0.628216 0.0329938 -0.0385207 0.00544397 -0.0708083 -0.0130883 
-0.00236729 0.00195704 -0.0492774 1.79827 0.082319 -0.765333 -0.0227079 0.0310023 -0.00826147 -0.066719 
-4.40415e-14 -1.13215e-13 1 4.10321e-13 3.66041e-13 9.35169e-13 1.69587e-13 3.26406e-14 -7.25593e-13 -8.14626e-14 
3.20373e-14 -2.75693e-13 -1.9057e-13 1 5.08704e-13 -1.78613e-12 6.26166e-14 1.67466e-12 2.7317e-13 -4.23439e-13 
-4.42125e-14 -1.14562e-13 -9.79338e-13 4.17909e-13 1 9.19917e-13 1.76373e-13 4.78506e-14 -7.3953e-13 -8.58202e-14 
3.18925e-14 -2.76437e-13 -1.92485e-13 1.21891e-12 5.06928e-13 1 6.95e-14 1.65379e-12 2.69063e-13 -4.18776e-13 
-4.59407e-14 -1.15827e-13 -9.77574e-13 4.24001e-13 4.08472e-13 9.07746e-13 1 5.95635e-14 -7.32449e-13 -8.91232e-14 
3.1987e-14 -2.77788e-13 -1.98813e-13 1.21958e-12 5.14588e-13 -1.75437e-12 6.93889e-14 1 2.66398e-13 -4.17e-13 

10	-0.0265583 0.302971 0.176822 0.358555 1.34719e-10 -3.89889e-10 1.32843e-10 -3.89036e-10 1.30001e-10 -3.89093e-10 
10 10	1.78542 -0.0408447 0.309021 -0.0318463 1.96269e-08 -1.25542e-08 1.95651e-08 -1.25347e-08 1.94486e-08 -1.25137e-08 
-0.0408447 2.32688 -0.00511432 0.500285 -1.2776e-08 -4.97494e-09 -1.27979e-08 -4.95857e-09 -1.28122e-08 -4.98039e-09 
0.309021 -0.00511432 2.18425 -0.0714792 2.0329e-08 -1.28041e-08 2.02672e-08 -1.27845e-08 2.01471e-08 -1.27626e-08 
-0.0318463 0.500285 -0.0714792 2.70911 -1.28585e-08 -5.77165e-09 -1.28844e-08 -5.75528e-09 -1.29038e-08 -5.77893e-09 
1.96269e-08 -1.2776e-08 2.0329e-08 -1.28585e-08 1 -1.28319e-08 2.01762e-08 -1.28122e-08 2.00562e-08 -1.27906e-08 
-1.25542e-08 -4.97494e-09 -1.28041e-08 -5.77165e-09 -1.28319e-08 1 -1.28656e-08 -5.77529e-09 -1.28853e-08 -5.79894e-09 
1.95651e-08 -1.27979e-08 2.02672e-08 -1.28844e-08 2.01762e-08 -1.28656e-08 1 -1.28369e-08 1.9958e-08 -1.28155e-08 
-1.25347e-08 -4.95857e-09 -1.27845e-08 -5.75528e-09 -1.28122e-08 -5.77529e-09 -1.28369e-08 1 -1.28599e-08 -5.81349e-09 
1.94486e-08 -1.28122e-08 2.01471e-08 -1.29038e-08 2.00562e-08 -1.28853e-08 1.9958e-08 -1.28599e-08 1 -1.2833e-08 
-1.25137e-08 -4.98039e-09 -1.27626e-08 -5.77893e-09 -1.27906e-08 -5.79894e-09 -1.28155e-08 -5.81349e-09 -1.2833e-08 1 


10 10	1.02628 0.0458195 0.0743453 -0.12149 -0.0774939 0.0912196 0.0942025 0.0959684 -0.147558 -0.115367 
-0.0248579 1.04639 0.173135 0.148362 -0.183646 -0.113877 -0.0188753 0.153415 0.0593967 -0.262768 
0.0294625 0.00084346 1.90844 0.0246053 -0.962395 -0.0537713 -0.00274621 0.0271202 0.02564 0.00196313 
-0.00465395 0.0153556 0.0668625 1.79636 -0.154654 -0.764362 0.107618 -0.0300525 -0.0160199 -0.0211191 
-1.41548e-13 7.78826e-15 1 -3.30139e-13 1.77358e-12 7.80959e-13 -8.17353e-13 -3.05422e-13 2.54468e-13 1.19932e-13 
-3.34706e-14 1.24777e-13 8.16569e-14 1 3.7359e-14 1.95333e-12 -7.43572e-14 6.51035e-13 2.09763e-14 -3.76144e-13 
-1.40977e-13 8.84189e-15 -3.2636e-13 -2.67293e-13 1 5.2211e-13 -8.52741e-13 3.78586e-14 2.6034e-13 -1.88183e-14 
-3.41194e-14 1.23603e-13 8.60978e-14 -5.7853e-13 2.97262e-14 1 -6.13121e-14 7.70717e-13 1.61676e-14 -4.05453e-13 
-1.44611e-13 9.29812e-15 -3.02416e-13 -2.73861e-13 1.81235e-12 5.34101e-13 1 4.87388e-14 2.61655e-13 -2.5091e-14 
-3.52192e-14 1.24065e-13 8.36831e-14 -6.1471e-13 4.39926e-14 1.87206e-12 -7.1998e-14 1 2.02338e-14 -4.08562e-13 

10	15.0581 3.79825 0.680244 1.46803 -4.13365e-10 -5.16593e-10 -4.19845e-10 -5.21311e-10 -4.25473e-10 -5.24039e-10 
10 10	7.34207 1.23403 0.565347 -0.511453 -1.81462e-08 -2.98178e-09 -1.83572e-08 -3.09319e-09 -1.851e-08 -3.19415e-09 
1.23403 7.49987 0.708254 0.469065 -5.24142e-09 -1.84846e-08 -5.37011e-09 -1.85973e-08 -5.50335e-09 -1.86465e-08 
0.565347 0.708254 6.17009 -0.282142 -2.2028e-08 -5.30918e-09 -2.22899e-08 -5.45197e-09 -2.24827e-08 -5.57657e-09 
-0.511453 0.469065 -0.282142 5.29008 -5.33237e-09 -2.09529e-08 -5.47197e-09 -2.10803e-08 -5.61795e-09 -2.11312e-08 
-1.81462e-08 -5.24142e-09 -2.2028e-08 -5.33237e-09 1 -5.49517e-09 -2.26864e-08 -5.64114e-09 -2.28865e-08 -5.76802e-09 
-2.98178e-09 -1.84846e-08 -5.30918e-09 -2.09529e-08 -5.49517e-09 1 -5.63296e-09 -2.12967e-08 -5.7812e-09 -2.13495e-08 
-1.83572e-08 -5.37011e-09 -2.22899e-08 -5.47197e-09 -2.26864e-08 -5.63296e-09 1 -5.78711e-09 -2.31776e-08 -5.91535e-09 
-3.09319e-09 -1.85973e-08 -5.45197e-09 -2.10803e-08 -5.64114e-09 -2.12967e-08 -5.78711e-09 1 -5.93263e-09 -2.14859e-08 
-1.851e-08 -5.50335e-09 -2.24827e-08 -5.61795e-09 -2.28865e-08 -5.7812e-09 -2.31776e-08 -5.93263e-09 1 -6.05951e-09 
-3.19415e-09 -1.86465e-08 -5.57657e-09 -2.11312e-08 -5.76802e-09 -2.13495e-08 -5.91535e-09 -2.14859e-08 -6.05951e-09 1 


10 10	1.03017 -0.0511167 0.0273938 -0.0135971 -0.0421833 -0.0293833 0.11368 -0.0130477 -0.125945 0.102137 
0.00300603 0.935879 -0.0173302 0.301008 0.0136689 -0.241648 -0.00416053 0.0954931 0.00558214 -0.0902568 
0.0149242 -0.013015 1.88327 0.088201 -0.952516 -0.218986 0.0237498 0.144766 0.0306588 -0.00143125 
-0.000830336 -0.00348976 0.0188811 1.89026 -0.021226 -0.946038 -0.00740697 0.0778715 0.010526 -0.0190276 
-2.04099e-14 -3.39381e-14 1 1.59497e-12 1.67744e-12 -8.57647e-13 -8.52714e-13 1.36291e-12 1.84384e-14 3.89577e-13 
8.01694e-14 -7.87981e-13 -5.19029e-14 1 -2.20768e-13 -2.33769e-12 -1.83215e-13 1.41753e-11 -2.45914e-14 4.76241e-12 
-1.93122e-14 -3.65107e-14 -2.24203e-13 1.70234e-12 1 -8.78297e-13 -6.44172e-13 1.47504e-12 -4.16767e-14 4.13003e-13 
8.01139e-14 -7.87898e-13 -5.15143e-14 1.47598e-11 -2.19769e-13 1 -1.86184e-13 1.41043e-11 -2.32869e-14 4.77307e-12 
-2.16036e-14 -4.17878e-14 -2.52527e-13 1.805e-12 1.48009e-12 -8.87068e-13 1 1.57208e-12 -3.54924e-14 4.52083e-13 
7.96446e-14 -7.78613e-13 -4.46865e-14 1.47748e-11 -2.28983e-13 -2.23288e-12 -1.79357e-13 1 -2.74086e-14 4.75531e-12 

10	4.63517 -0.379826 1.11123 0.142909 -1.00641e-09 -9.96556e-09 -1.07838e-09 -9.97181e-09 -1.1496e-09 -9.97687e-09 
10 10	2.60897 -0.0358302 0.102916 0.0104796 -1.02227e-08 -1.28431e-08 -1.03319e-08 -1.28496e-08 -1.03428e-08 -1.28566e-08 
-0.0358302 1.51568 -0.0750364 0.113436 -4.30366e-08 -5.25972e-07 -4.68103e-08 -5.26303e-07 -5.06648e-08 -5.26565e-07 
0.102916 -0.0750364 4.34694 -0.0158052 -1.31367e-08 -3.95542e-08 -1.34423e-08 -3.95776e-08 -1.36424e-08 -3.9598e-08 
0.0104796 0.113436 -0.0158052 1.50783 -4.31917e-08 -5.27427e-07 -4.69754e-08 -5.27758e-07 -5.08403e-08 -5.2802e-07 
-1.02227e-08 -4.30366e-08 -1.31367e-08 -4.31917e-08 1 -4.32365e-08 -1.37807e-08 -4.32622e-08 -1.40099e-08 -4.32844e-08 
-1.28431e-08 -5.25972e-07 -3.95542e-08 -5.27427e-07 -4.32365e-08 1 -4.70286e-08 -5.28333e-07 -5.08974e-08 -5.28598e-07 
-1.03319e-08 -4.68103e-08 -1.34423e-08 -4.69754e-08 -1.37807e-08 -4.70286e-08 1 -4.70509e-08 -1.43773e-08 -4.70752e-08 
-1.28496e-08 -5.26303e-07 -3.95776e-08 -5.27758e-07 -4.32622e-08 -5.28333e-07 -4.70509e-08 1 -5.09406e-08 -5.29024e-07 
-1.03428e-08 -5.06648e-08 -1.36424e-08 -5.08403e-08 -1.40099e-08 -5.08974e-08 -1.43773e-08 -5.09406e-08 1 -5.09513e-08 
-1.28566e-08 -5.26565e-07 -3.9598e-08 -5.2802e-07 -4.32844e-08 -5.28598e-07 -4.70752e-08 -5.29024e-07 -5.09513e-08 1 


10 10	1.02174 -0.0118419 0.319546 -0.297599 -0.218879 0.212336 0.0589736 -0.0627733 -0.183405 0.145496 
0.00202729 0.958998 -0.00543064 0.438216 -0.0554394 -0.379672 -0.0506139 0.10288 0.103036 -0.110694 
0.00408174 0.00191961 1.90546 0.0536929 -0.864217 -0.0767155 -0.0650851 0.000653104 0.0191732 0.0195051 
0.000177084 0.00455551 0.0839549 1.86919 -0.136462 -0.932477 -0.000843049 0.0519447 0.0524507 0.00767827 
7.17185e-13 2.18066e-13 1 9.33809e-13 -1.76021e-11 -3.76998e-12 7.11553e-12 -3.03535e-13 -1.09079e-13 2.76446e-14 
2.36994e-13 2.14141e-13 2.20668e-12 1 -4.04365e-12 -4.71712e-12 1.1432e-12 -6.4837e-13 2.34035e-13 -1.01474e-13 
7.21865e-13 2.20428e-13 1.10212e-11 9.36681e-13 1 -3.82305e-12 7.30588e-12 -2.89768e-13 -1.75054e-13 1.78746e-14 
2.35603e-13 2.09863e-13 2.18109e-12 1.55792e-13 -3.98437e-12 1 1.10689e-12 -7.41629e-13 2.39475e-13 -7.21645e-14 
7.23828e-13 2.2228e-13 1.10431e-11 9.38749e-13 -1.78489e-11 -3.85869e-12 1 -2.99094e-13 -1.69254e-13 1.86517e-14 
2.33528e-13 2.08033e-13 2.1686e-12 1.78302e-13 -3.96316e-12 -4.55747e-12 1.10756e-12 1 2.34757e-13 -7.26086e-14 

10	2.2174 -1.52729 0.436992 -0.162921 4.44402e-10 1.61197e-09 4.58158e-10 1.59844e-09 4.71118e-10 1.58138e-09 
10 10	4.34822 -0.879281 0.348266 -0.325997 -1.02518e-08 2.44318e-08 -1.00481e-08 2.42339e-08 -9.84801e-09 2.39725e-08 
-0.879281 3.42565 0.0293101 0.541696 2.9916e-08 6.19802e-08 3.04544e-08 6.14546e-08 3.0951e-08 6.08034e-08 
0.348266 0.0293101 2.44581 0.069931 -8.08359e-09 3.09574e-08 -7.82529e-09 3.07055e-08 -7.57063e-09 3.03762e-08 
-0.325997 0.541696 0.069931 2.40476 3.18159e-08 6.47378e-08 3.23789e-08 6.41867e-08 3.28973e-08 6.35064e-08 
-1.02518e-08 2.9916e-08 -8.08359e-09 3.18159e-08 1 3.15813e-08 -7.55972e-09 3.13239e-08 -7.29779e-09 3.09874e-08 
2.44318e-08 6.19802e-08 3.09574e-08 6.47378e-08 3.15813e-08 1 3.21306e-08 6.37465e-08 3.26445e-08 6.30698e-08 
-1.00481e-08 3.04544e-08 -7.82529e-09 3.23789e-08 -7.55972e-09 3.21306e-08 1 3.18714e-08 -7.04676e-09 3.15285e-08 
2.42339e-08 6.14546e-08 3.07055e-08 6.41867e-08 3.13239e-08 6.37465e-08 3.18714e-08 1 3.23598e-08 6.25478e-08 
-9.84801e-09 3.0951e-08 -7.57063e-09 3.28973e-08 -7.29779e-09 3.26445e-08 -7.04676e-09 3.23598e-08 1 3.20397e-08 
2.39725e-08 6.08034e-08 3.03762e-08 6.35064e-08 3.09874e-08 6.30698e-08 3.15285e-08 6.25478e-08 3.20397e-08 1 


10 10	1.01598 -0.0269175 0.138001 0.0479904 -0.102518 -0.00945578 0.128463 -0.0628327 -0.1662 0.0514959 
0.00286275 1.02782 0.136933 0.279193 -0.12814 -0.309184 -0.00541826 0.222593 0.00846501 -0.232214 
0.017101 -0.00427436 1.98176 -0.136862 -1.24494 0.269548 0.328559 -0.173517 -0.0800559 0.0448252 
-0.00311131 0.00956071 -0.0731771 2.1208 0.169459 -1.48835 -0.135265 0.484867 0.0427991 -0.128798 
4.1861e-13 6.6194e-14 1 7.42573e-13 2.33595e-12 -1.88605e-12 8.74953e-13 -1.81632e-13 3.0996e-14 -4.39426e-13 
-7.93315e-14 -4.50109e-14 2.2024e-13 1 -3.17579e-13 5.20473e-12 -3.93352e-13 8.74856e-13 -7.21645e-15 9.69225e-13 
4.1286e-13 6.52139e-14 -2.00068e-12 7.15594e-13 1 -1.82354e-12 1.00404e-12 -1.672e-13 -1.39888e-14 -4.2033e-13 
-8.16205e-14 -4.48686e-14 2.29983e-13 -2.57255e-12 -3.30264e-13 1 -3.94296e-13 7.87814e-13 -9.36751e-15 1.00697e-12 
4.08716e-13 6.39757e-14 -2.01614e-12 6.66647e-13 2.21033e-12 -1.7214e-12 1 -1.56986e-13 -7.76462e-15 -4.03122e-13 
-8.32572e-14 -4.50993e-14 2.38393e-13 -2.56956e-12 -3.39367e-13 5.32818e-12 -3.99486e-13 1 -9.00668e-15 1.00653e-12 

10	-7.85319 0.304317 -1.11131 0.351284 -1.28182e-10 -1.1151e-09 -1.41199e-10 -1.12044e-09 -1.58991e-10 -1.12345e-09 
10 10	4.17619 -0.834245 0.301225 -0.0350178 -3.64962e-08 3.486e-08 -3.5805e-08 3.51638e-08 -3.51065e-08 3.53948e-08 
-0.834245 4.12997 0.173918 0.36091 2.96777e-08 -6.60111e-08 2.86441e-08 -6.64531e-08 2.74595e-08 -6.67587e-08 
0.301225 0.173918 3.11855 -0.228493 -3.67145e-08 3.45854e-08 -3.60269e-08 3.48882e-08 -3.53321e-08 3.51201e-08 
-0.0350178 0.36091 -0.228493 3.07757 3.32311e-08 -7.1981e-08 3.20979e-08 -7.24667e-08 3.08028e-08 -7.28014e-08 
-3.64962e-08 2.96777e-08 -3.67145e-08 3.32311e-08 1 3.3614e-08 -3.5463e-08 3.39105e-08 -3.479e-08 3.4137e-08 
3.486e-08 -6.60111e-08 3.45854e-08 -7.1981e-08 3.3614e-08 1 3.24662e-08 -7.31179e-08 3.11593e-08 -7.34563e-08 
-3.5805e-08 2.86441e-08 -3.60269e-08 3.20979e-08 -3.5463e-08 3.24662e-08 1 3.27727e-08 -3.41934e-08 3.29928e-08 
3.51638e-08 -6.64531e-08 3.48882e-08 -7.24667e-08 3.39105e-08 -7.31179e-08 3.27727e-08 1 3.14403e-08 -7.39565e-08 
-3.51065e-08 2.74595e-08 -3.53321e-08 3.08028e-08 -3.479e-08 3.11593e-08 -3.41934e-08 3.14403e-08 1 3.1665e-08 
3.53948e-08 -6.67587e-08 3.51201e-08 -7.28014e-08 3.4137e-08 -7.34563e-08 3.29928e-08 -7.39565e-08 3.1665e-08 1 


