5	1.0147e-17 0.268896 0.0153846 3.64359e-47 0.71572 

5 5	0.930696 0.000425531 0.0161772 0.0040005 0.0135272 
0.00957541 0.92031 0.0340537 0.00513248 0.0241654 
0.0344682 0.0392507 0.855911 0.030756 0.0636805 
0.00513985 0.0088907 0.0257755 0.927561 0.0708231 
0.0201203 0.0311236 0.068083 0.03255 0.827804 


12	0 0 0 0 0 0 0 0 0 0 0 0 
12 12	1e-06 0 0 0 0 0 0 0 0 0 0 0 
0 1e-06 0 0 0 0 0 0 0 0 0 0 
0 0 1e-06 0 0 0 0 0 0 0 0 0 
0 0 0 1e-06 0 0 0 0 0 0 0 0 
0 0 0 0 1e-06 0 0 0 0 0 0 0 
0 0 0 0 0 1e-06 0 0 0 0 0 0 
0 0 0 0 0 0 1e-06 0 0 0 0 0 
0 0 0 0 0 0 0 1e-06 0 0 0 0 
0 0 0 0 0 0 0 0 1e-06 0 0 0 
0 0 0 0 0 0 0 0 0 1e-06 0 0 
0 0 0 0 0 0 0 0 0 0 1e-06 0 
0 0 0 0 0 0 0 0 0 0 0 1e-06 


12	0 0 0 0 0 0 0 0 0 0 0 0 
12 12	1e-06 0 0 0 0 0 0 0 0 0 0 0 
0 1e-06 0 0 0 0 0 0 0 0 0 0 
0 0 1e-06 0 0 0 0 0 0 0 0 0 
0 0 0 1e-06 0 0 0 0 0 0 0 0 
0 0 0 0 1e-06 0 0 0 0 0 0 0 
0 0 0 0 0 1e-06 0 0 0 0 0 0 
0 0 0 0 0 0 1e-06 0 0 0 0 0 
0 0 0 0 0 0 0 1e-06 0 0 0 0 
0 0 0 0 0 0 0 0 1e-06 0 0 0 
0 0 0 0 0 0 0 0 0 1e-06 0 0 
0 0 0 0 0 0 0 0 0 0 1e-06 0 
0 0 0 0 0 0 0 0 0 0 0 1e-06 


12	1 1 0 0 0 0 0 0 0 0 0 0 
12 12	1e-06 0 0 0 0 0 0 0 0 0 0 0 
0 1e-06 0 0 0 0 0 0 0 0 0 0 
0 0 1e-06 0 0 0 0 0 0 0 0 0 
0 0 0 1e-06 0 0 0 0 0 0 0 0 
0 0 0 0 1e-06 0 0 0 0 0 0 0 
0 0 0 0 0 1e-06 0 0 0 0 0 0 
0 0 0 0 0 0 1e-06 0 0 0 0 0 
0 0 0 0 0 0 0 1e-06 0 0 0 0 
0 0 0 0 0 0 0 0 1e-06 0 0 0 
0 0 0 0 0 0 0 0 0 1e-06 0 0 
0 0 0 0 0 0 0 0 0 0 1e-06 0 
0 0 0 0 0 0 0 0 0 0 0 1e-06 


12	0 0 0 0 0 0 0 0 0 0 0 0 
12 12	1e-06 0 0 0 0 0 0 0 0 0 0 0 
0 1e-06 0 0 0 0 0 0 0 0 0 0 
0 0 1e-06 0 0 0 0 0 0 0 0 0 
0 0 0 1e-06 0 0 0 0 0 0 0 0 
0 0 0 0 1e-06 0 0 0 0 0 0 0 
0 0 0 0 0 1e-06 0 0 0 0 0 0 
0 0 0 0 0 0 1e-06 0 0 0 0 0 
0 0 0 0 0 0 0 1e-06 0 0 0 0 
0 0 0 0 0 0 0 0 1e-06 0 0 0 
0 0 0 0 0 0 0 0 0 1e-06 0 0 
0 0 0 0 0 0 0 0 0 0 1e-06 0 
0 0 0 0 0 0 0 0 0 0 0 1e-06 


12	0 0 0 0 0 0 0 0 0 0 0 0 
12 12	1e-06 0 0 0 0 0 0 0 0 0 0 0 
0 1e-06 0 0 0 0 0 0 0 0 0 0 
0 0 1e-06 0 0 0 0 0 0 0 0 0 
0 0 0 1e-06 0 0 0 0 0 0 0 0 
0 0 0 0 1e-06 0 0 0 0 0 0 0 
0 0 0 0 0 1e-06 0 0 0 0 0 0 
0 0 0 0 0 0 1e-06 0 0 0 0 0 
0 0 0 0 0 0 0 1e-06 0 0 0 0 
0 0 0 0 0 0 0 0 1e-06 0 0 0 
0 0 0 0 0 0 0 0 0 1e-06 0 0 
0 0 0 0 0 0 0 0 0 0 1e-06 0 
0 0 0 0 0 0 0 0 0 0 0 1e-06 


12 12	0.973713 0.000898343 -0.80905 0.015997 0.201463 -0.0311563 -0.118769 0.00516339 0.0443387 -0.00228574 -0.0774835 0.00946712 
-0.0463607 0.998392 0.293643 -0.830544 -0.21447 0.274373 0.421784 0.0558158 0.234652 0.0536224 0.190192 0.0837264 
0.0262851 -0.000892352 0.809036 -0.0160259 -0.201269 0.0311673 0.118763 -0.0051695 -0.0443214 0.00232311 0.0773738 -0.00950991 
-0.0286931 0.0267769 0.000299378 1.06589 0.299121 -0.270092 -0.32247 0.0110131 -0.108774 -0.0205505 0.152215 0.0970462 
1.5965e-17 -8.01399e-19 1 5.73441e-19 3.09673e-16 1.37625e-16 -1.79752e-15 -1.12511e-16 2.92301e-16 4.3463e-17 4.75551e-16 5.52943e-18 
6.14946e-19 -1.60428e-17 1.03053e-16 1 2.31098e-16 -1.88341e-15 3.73724e-16 9.22927e-16 1.13494e-15 1.48926e-15 -7.57207e-16 -6.97576e-16 
1.11859e-17 -7.29984e-19 3.11048e-16 1.01085e-17 1 1.00384e-16 -3.38342e-16 -5.09524e-17 -3.26582e-16 5.72594e-17 3.75032e-16 -4.64852e-17 
1.17297e-17 -1.5372e-17 1.82661e-16 2.9474e-16 6.3808e-16 1 2.66931e-16 1.93286e-15 1.82146e-16 -1.97758e-16 3.16587e-17 4.58834e-16 
1.39627e-17 2.38652e-19 1.1523e-16 2.96292e-18 -9.03212e-16 9.08856e-17 1 -5.6287e-17 -2.55452e-16 3.998e-17 4.83425e-16 -4.0251e-17 
1.65036e-17 -1.41167e-17 2.41018e-16 3.37621e-16 6.13523e-16 -2.14723e-15 4.30537e-16 1 1.1189e-16 -1.19262e-16 -5.87638e-17 5.05672e-16 
5.9323e-18 -8.65668e-19 2.52113e-16 -4.11658e-19 -1.1748e-15 8.52092e-17 -4.92763e-16 -6.14302e-17 1 3.25261e-17 6.50088e-16 -3.12792e-17 
5.22789e-18 -1.15535e-17 2.63841e-16 3.46132e-16 6.07343e-16 -1.92735e-15 2.83844e-16 1.90516e-15 1.33574e-16 1 -1.49186e-16 4.6534e-16 

12	-0.0284689 0.190361 0.028256 -0.0170938 6.93889e-18 2.77556e-16 -2.77556e-17 3.33067e-16 -4.16334e-17 4.996e-16 -4.16334e-17 4.44089e-16 
12 12	0.838066 -0.759183 -0.837034 0.521437 1.24345e-14 -1.77636e-14 1.42109e-14 -2.13163e-14 1.42109e-14 -1.59872e-14 1.42109e-14 -1.06581e-14 
-0.759183 19.5446 0.758876 -11.8527 3.19744e-14 2.4869e-14 4.26326e-14 2.18714e-14 4.26326e-14 2.4869e-14 2.84217e-14 2.84217e-14 
-0.837034 0.758876 0.838095 -0.521478 5.32907e-15 -6.21725e-15 6.21725e-15 -8.43769e-15 6.21725e-15 -7.32747e-15 6.21725e-15 -5.55112e-15 
0.521437 -11.8527 -0.521478 14.3297 -7.54952e-15 1.42109e-14 -7.54952e-15 1.42109e-14 -5.9952e-15 -7.10543e-15 -5.21805e-15 -1.42109e-14 
1.24345e-14 3.19744e-14 5.32907e-15 -7.54952e-15 0.001 -8.88178e-15 7.10543e-15 -1.06581e-14 7.99361e-15 -9.76996e-15 7.10543e-15 -7.77156e-15 
-1.77636e-14 2.4869e-14 -6.21725e-15 1.42109e-14 -8.88178e-15 0.001 -1.02141e-14 2.84217e-14 -7.99361e-15 -1.01432e-40 -6.88338e-15 -1.42109e-14 
1.42109e-14 4.26326e-14 6.21725e-15 -7.54952e-15 7.10543e-15 -1.02141e-14 0.001 -1.15463e-14 1.06581e-14 -1.06581e-14 8.88178e-15 -8.43769e-15 
-2.13163e-14 2.18714e-14 -8.43769e-15 1.42109e-14 -1.06581e-14 2.84217e-14 -1.15463e-14 0.001 -9.76996e-15 -1.42109e-14 -8.43769e-15 -1.42109e-14 
1.42109e-14 4.26326e-14 6.21725e-15 -5.9952e-15 7.99361e-15 -7.99361e-15 1.06581e-14 -9.76996e-15 0.001 -8.88178e-15 1.06581e-14 -6.21725e-15 
-1.59872e-14 2.4869e-14 -7.32747e-15 -7.10543e-15 -9.76996e-15 -1.01432e-40 -1.06581e-14 -1.42109e-14 -8.88178e-15 0.001 -7.10543e-15 -5.68434e-14 
1.42109e-14 2.84217e-14 6.21725e-15 -5.21805e-15 7.10543e-15 -6.88338e-15 8.88178e-15 -8.43769e-15 1.06581e-14 -7.10543e-15 0.001 -5.32907e-15 
-1.06581e-14 2.84217e-14 -5.55112e-15 -1.42109e-14 -7.77156e-15 -1.42109e-14 -8.43769e-15 -1.42109e-14 -6.21725e-15 -5.68434e-14 -5.32907e-15 0.001 


12 12	1.00862 -0.023114 -0.605377 0.0924613 -0.0120335 -0.0845905 0.0603398 -0.0663973 0.23472 0.0523792 0.0428295 -0.227662 
-0.000271833 0.976308 0.0031657 -0.655287 -0.00546764 0.0298923 -0.00384203 -0.0195934 0.00110446 0.0305432 0.00441158 -0.0355261 
0.0199787 -0.00856173 0.932632 0.00131673 0.0276486 0.082217 -0.0517341 0.0176686 -0.212078 -0.0610393 0.227188 0.0251006 
0.000282903 0.0236742 -0.00321871 0.655205 0.00545014 -0.0295293 0.00384162 0.0195237 -0.00105311 -0.0307869 -0.00439608 0.0357405 
2.94333e-17 -9.31811e-18 1 -2.14934e-16 -6.36304e-16 -7.63767e-17 8.96818e-16 4.43586e-16 1.14709e-15 2.9329e-16 -2.7975e-15 -2.1586e-16 
-7.18919e-20 1.31826e-17 2.39922e-18 1 7.71351e-18 2.70271e-16 8.33353e-18 2.09468e-16 -2.51569e-18 -5.72242e-16 -8.53301e-18 3.05203e-16 
3.44242e-17 -7.92966e-18 -3.02945e-15 -3.21421e-16 1 2.94715e-16 2.89409e-16 1.53294e-16 -4.05287e-16 1.59378e-16 -1.34839e-15 1.99087e-17 
-7.38136e-19 -7.01004e-18 1.42513e-17 3.67212e-16 -7.68132e-18 1 2.81723e-18 1.78948e-16 1.53448e-17 1.12323e-16 -5.3668e-18 -1.10589e-16 
2.08551e-17 -1.16269e-17 -2.2593e-15 -1.46246e-16 2.33203e-16 2.01293e-16 1 -4.82131e-17 -4.07224e-16 2.18819e-16 -1.41139e-15 6.63938e-17 
-8.85996e-19 -8.80491e-18 1.03634e-17 3.73792e-16 9.95264e-18 -5.50463e-16 -3.34976e-17 1 4.61735e-17 1.26852e-16 -5.78015e-18 -9.43256e-17 
1.94098e-17 -5.32953e-18 -2.087e-15 -1.38583e-16 2.4219e-16 2.32866e-17 -7.50704e-18 2.38504e-16 1 1.66154e-17 -1.44764e-15 1.25171e-16 
-7.28554e-19 -2.14426e-18 -1.00577e-17 1.36542e-16 1.06709e-17 -3.8332e-16 1.16001e-17 1.88055e-16 1.91904e-17 1 -1.64663e-18 -2.2508e-16 

12	0.466888 -0.0164951 0.428705 0.0164584 7.32747e-15 -3.46945e-18 6.88338e-15 -3.81639e-17 6.88338e-15 -5.55112e-17 6.66134e-15 -5.55112e-17 
12 12	9.78925 -0.0587754 -3.79896 0.0588128 4.9738e-14 -2.22045e-16 4.61853e-14 0 4.79616e-14 0 4.4853e-14 8.88178e-16 
-0.0587754 0.293695 0.0308624 -0.292654 1.11022e-14 -3.60822e-16 1.06581e-14 -2.22045e-16 1.11022e-14 -4.44089e-16 1.06581e-14 1.55203e-33 
-3.79896 0.0308624 5.60412 -0.0313085 1.91847e-13 -5.27356e-16 1.84741e-13 -9.71445e-16 1.84741e-13 -1.23512e-15 1.77636e-13 -1.31839e-15 
0.0588128 -0.292654 -0.0313085 0.293676 1.11022e-16 8.98206e-32 1.11022e-16 6.40011e-32 1.38778e-16 1.2013e-31 1.66533e-16 -1.86284e-33 
4.9738e-14 1.11022e-14 1.91847e-13 1.11022e-16 0.001 -5.55112e-16 1.98952e-13 -1.11022e-15 1.98952e-13 -1.41553e-15 1.91847e-13 -1.50574e-15 
-2.22045e-16 -3.60822e-16 -5.27356e-16 8.98206e-32 -5.55112e-16 0.001 -5.27356e-16 -2.50482e-44 -5.29958e-16 9.09092e-44 -4.71845e-16 7.96989e-45 
4.61853e-14 1.06581e-14 1.84741e-13 1.11022e-16 1.98952e-13 -5.27356e-16 0.001 -1.22125e-15 1.98952e-13 -1.60982e-15 1.91847e-13 -1.7486e-15 
0 -2.22045e-16 -9.71445e-16 6.40011e-32 -1.11022e-15 -2.50482e-44 -1.22125e-15 0.001 -1.22125e-15 4.44089e-16 -1.13798e-15 2.22045e-16 
4.79616e-14 1.11022e-14 1.84741e-13 1.38778e-16 1.98952e-13 -5.29958e-16 1.98952e-13 -1.22125e-15 0.001 -1.55431e-15 1.91847e-13 -1.83187e-15 
0 -4.44089e-16 -1.23512e-15 1.2013e-31 -1.41553e-15 9.09092e-44 -1.60982e-15 4.44089e-16 -1.55431e-15 0.001 -1.60982e-15 2.40673e-42 
4.4853e-14 1.06581e-14 1.77636e-13 1.66533e-16 1.91847e-13 -4.71845e-16 1.91847e-13 -1.13798e-15 1.91847e-13 -1.60982e-15 0.001 -1.77636e-15 
8.88178e-16 1.55203e-33 -1.31839e-15 -1.86284e-33 -1.50574e-15 7.96989e-45 -1.7486e-15 2.22045e-16 -1.83187e-15 2.40673e-42 -1.77636e-15 0.001 


12 12	1.03838 -0.0157206 3.25961 0.116125 0.0710762 -0.0568193 0.0812087 -0.0794879 -0.0326893 0.0201062 0.432893 0.00861721 
-0.00151922 0.998037 0.00147743 2.43485 0.0681737 -0.0593175 -0.06018 0.0442498 -0.0020594 -0.0236629 0.0069561 0.261208 
5.97e-06 -2.30752e-06 1.00055 -0.000344821 -0.000373517 0.000239811 -4.8003e-06 -0.000107117 -0.000150776 5.07662e-05 -1.54429e-06 8.44508e-06 
8.53836e-07 1.20462e-05 9.55639e-05 1.00024 0.00022455 -0.000217124 -0.000114485 6.07469e-05 0.000189426 -0.000146877 -0.000127812 1.03437e-05 
1.68435e-19 5.50571e-21 1 -1.41311e-17 -1.55346e-18 -2.55692e-17 -3.36221e-17 3.32109e-17 6.33581e-19 -6.96515e-18 1.90858e-18 4.70781e-18 
-1.32825e-19 2.00217e-19 -3.64514e-17 1 1.33391e-17 -5.57348e-17 -2.52416e-17 1.17822e-16 5.12014e-17 -2.03694e-17 -4.93312e-18 4.3097e-18 
-4.81087e-19 -3.832e-20 -6.04672e-17 -1.87637e-16 1 8.5807e-17 -1.07288e-16 3.58349e-17 5.45251e-17 -6.39599e-17 -4.08275e-17 1.13799e-17 
-5.22619e-19 6.5518e-19 -2.55409e-16 -1.9025e-16 1.70233e-16 1 -1.89952e-16 5.01159e-16 3.06314e-16 -2.82326e-16 -6.24568e-17 1.4756e-16 
-1.00629e-18 1.99662e-19 -1.32601e-16 9.50362e-17 3.47153e-16 -4.78023e-16 1 8.18651e-16 4.06633e-16 -2.48338e-16 -9.03505e-17 1.13148e-16 
-1.50348e-20 -9.11407e-19 1.27606e-16 -3.50089e-16 -7.51244e-16 4.63225e-16 6.67435e-16 1 1.11456e-16 3.53992e-16 8.36733e-17 6.28837e-17 
-7.76231e-19 -2.32815e-19 -7.72965e-17 1.20046e-17 1.72265e-16 -2.94585e-16 -5.00726e-16 7.97626e-16 1 -3.67158e-16 -2.7352e-16 1.8729e-16 
-2.21033e-18 2.35475e-19 -9.90182e-17 -5.9913e-16 -2.99402e-16 -1.5374e-16 4.56774e-16 9.74372e-16 1.31514e-16 1 1.27719e-16 1.35525e-16 

12	0.130633 -0.154843 -4.26504e-05 9.06881e-05 6.93889e-18 -2.25514e-17 2.77556e-17 -8.32667e-17 -2.77556e-17 -2.77556e-16 -5.55112e-17 -3.88578e-16 
12 12	5.66928 0.09871 0.000193562 -0.00021739 0 6.66134e-16 -2.498e-16 2.88658e-15 1.77636e-15 8.88178e-15 0 1.24345e-14 
0.09871 4.92428 0.000209945 0.000430877 1.9082e-16 6.66134e-16 1.07356e-33 2.66454e-15 4.32987e-15 1.06581e-14 4.88498e-15 1.59872e-14 
0.000193562 0.000209945 0.00106196 -1.94616e-05 -1.28717e-36 -1.0842e-18 5.55112e-17 8.0231e-18 5.55112e-17 -8.04478e-17 1.11022e-16 -9.71445e-17 
-0.00021739 0.000430877 -1.94616e-05 0.00110299 -1.19262e-18 1.89431e-35 3.46945e-17 -5.55112e-17 -1.51788e-16 -3.88578e-16 -1.73472e-16 -4.44089e-16 
0 1.9082e-16 -1.28717e-36 -1.19262e-18 0.001 -1.19262e-18 5.55112e-17 7.80626e-18 5.55112e-17 -8.06646e-17 1.11022e-16 -9.71445e-17 
6.66134e-16 6.66134e-16 -1.0842e-18 1.89431e-35 -1.19262e-18 0.001 3.46945e-17 -5.55112e-17 -1.51788e-16 -3.88578e-16 -1.73472e-16 -4.44089e-16 
-2.498e-16 1.07356e-33 5.55112e-17 3.46945e-17 5.55112e-17 3.46945e-17 0.001 1.0041e-46 2.22045e-16 1.249e-16 3.33067e-16 2.22045e-16 
2.88658e-15 2.66454e-15 8.0231e-18 -5.55112e-17 7.80626e-18 -5.55112e-17 1.0041e-46 0.001 -5.34512e-16 -1.55431e-15 -6.45317e-16 -1.77636e-15 
1.77636e-15 4.32987e-15 5.55112e-17 -1.51788e-16 5.55112e-17 -1.51788e-16 2.22045e-16 -5.34512e-16 0.001 -1.9984e-15 -7.30427e-44 -2.60469e-15 
8.88178e-15 1.06581e-14 -8.04478e-17 -3.88578e-16 -8.06646e-17 -3.88578e-16 1.249e-16 -1.55431e-15 -1.9984e-15 0.001 -2.35229e-15 -7.10543e-15 
0 4.88498e-15 1.11022e-16 -1.73472e-16 1.11022e-16 -1.73472e-16 3.33067e-16 -6.45317e-16 -7.30427e-44 -2.35229e-15 0.001 -2.77556e-15 
1.24345e-14 1.59872e-14 -9.71445e-17 -4.44089e-16 -9.71445e-17 -4.44089e-16 2.22045e-16 -1.77636e-15 -2.60469e-15 -7.10543e-15 -2.77556e-15 0.001 


12 12	0.995177 -0.00317668 -0.453586 -0.00288879 -0.00379119 -0.0263517 0.0445572 0.00277806 0.202624 0.00246176 0.088596 3.81769e-05 
0.0118056 0.992832 0.0342779 -0.500277 -0.00424806 0.0785772 -0.00380993 0.0531322 -0.0170292 0.139691 0.0349693 0.0709321 
0.0062815 -0.00170282 0.820109 0.00414336 0.103025 0.0144702 0.0164273 -0.00760617 -0.138014 7.18464e-05 0.151253 -0.0141388 
-0.00140722 0.0046981 -0.0096527 0.849738 0.0188797 0.0149422 0.0157248 0.0151041 0.016986 -0.079083 -0.0481759 0.126536 
1.35352e-17 2.87356e-19 1 1.189e-16 -4.47608e-16 -1.37251e-16 2.14005e-16 -1.92866e-16 2.25376e-16 1.51924e-17 -1.63582e-16 -5.02799e-17 
-3.80106e-18 -3.5982e-18 -1.83515e-16 1 1.18483e-16 1.32519e-15 4.66071e-17 5.49691e-16 -1.82796e-16 -1.75858e-16 -1.43928e-17 1.8258e-16 
8.68161e-18 1.83679e-18 -1.68847e-16 5.60329e-17 1 -1.08537e-16 8.96237e-17 -3.32333e-17 1.5841e-16 -2.12287e-16 -1.92022e-17 2.26598e-17 
-3.02348e-18 -7.46405e-18 -1.20319e-16 -5.82867e-16 -5.77338e-17 1 3.80826e-17 8.46952e-16 -1.03148e-16 4.88325e-16 -6.61363e-18 2.86229e-17 
1.4741e-17 1.69724e-18 -8.2014e-18 7.18267e-17 -3.54212e-17 -5.98746e-17 1 -1.61912e-16 2.41428e-16 -1.68688e-16 -6.62685e-17 2.865e-17 
-3.35171e-18 -1.02322e-17 -4.89788e-17 -1.79571e-16 -9.77273e-17 -3.11884e-16 4.68917e-18 1 -1.249e-16 6.68736e-16 1.81604e-18 -6.02816e-17 
8.84035e-18 1.68771e-18 -1.17738e-16 5.52045e-17 1.9328e-17 -6.07873e-17 -9.00015e-17 -1.52646e-16 1 -1.57968e-16 -2.04882e-16 1.98409e-17 
-4.09795e-18 -1.18246e-18 -7.1022e-17 -7.57993e-16 -8.3924e-17 1.45473e-16 4.42626e-17 8.96595e-16 -1.54905e-16 1 8.40257e-19 9.1073e-17 

12	0.0698633 0.0840853 -0.00450262 0.0345936 1.11022e-16 -2.22045e-16 1.11022e-16 -2.77556e-16 2.22045e-16 -3.05311e-16 1.11022e-16 -3.33067e-16 
12 12	2.3562 -0.179329 -1.289 0.118298 -7.10543e-15 -5.32907e-15 0 -6.21725e-15 -7.10543e-15 -6.21725e-15 -7.10543e-15 -6.21725e-15 
-0.179329 2.74583 0.125986 -1.52355 -1.33227e-14 2.84217e-14 -1.42109e-14 4.26326e-14 -1.5099e-14 4.26326e-14 -1.5099e-14 4.26326e-14 
-1.289 0.125986 1.75078 -0.188177 -4.97275e-31 4.44089e-15 6.48918e-32 4.88498e-15 -3.55271e-15 5.32907e-15 -3.6323e-31 5.32907e-15 
0.118298 -1.52355 -0.188177 2.07 3.9968e-15 -7.10543e-15 4.21885e-15 -1.06581e-14 4.66294e-15 -1.24345e-14 4.66294e-15 -1.24345e-14 
-7.10543e-15 -1.33227e-14 -4.97275e-31 3.9968e-15 0.001 4.44089e-15 4.59801e-46 5.32907e-15 -3.55271e-15 5.77316e-15 -7.11597e-46 5.55112e-15 
-5.32907e-15 2.84217e-14 4.44089e-15 -7.10543e-15 4.44089e-15 0.001 4.66294e-15 -1.06581e-14 5.10703e-15 -1.42109e-14 5.10703e-15 -1.42109e-14 
0 -1.42109e-14 6.48918e-32 4.21885e-15 4.59801e-46 4.66294e-15 0.001 5.55112e-15 -3.55271e-15 6.21725e-15 -5.63322e-43 6.21725e-15 
-6.21725e-15 4.26326e-14 4.88498e-15 -1.06581e-14 5.32907e-15 -1.06581e-14 5.55112e-15 0.001 5.9952e-15 -1.42109e-14 5.9952e-15 -1.77636e-14 
-7.10543e-15 -1.5099e-14 -3.55271e-15 4.66294e-15 -3.55271e-15 5.10703e-15 -3.55271e-15 5.9952e-15 0.001 6.66134e-15 -7.60625e-42 6.66134e-15 
-6.21725e-15 4.26326e-14 5.32907e-15 -1.24345e-14 5.77316e-15 -1.42109e-14 6.21725e-15 -1.42109e-14 6.66134e-15 0.001 6.66134e-15 -2.13163e-14 
-7.10543e-15 -1.5099e-14 -3.6323e-31 4.66294e-15 -7.11597e-46 5.10703e-15 -5.63322e-43 5.9952e-15 -7.60625e-42 6.66134e-15 0.001 6.66134e-15 
-6.21725e-15 4.26326e-14 5.32907e-15 -1.24345e-14 5.55112e-15 -1.42109e-14 6.21725e-15 -1.77636e-14 6.66134e-15 -2.13163e-14 6.66134e-15 0.001 


12 12	1.0035 -0.00822299 -0.640635 0.0570233 0.0930808 -0.0535638 0.0145091 -0.0342428 0.202562 -0.0280977 -0.0525935 0.0466389 
0.0127642 1.00611 0.0246685 -0.62236 -0.0296253 0.0968363 0.00296716 0.0241891 -0.0027409 0.120922 -0.00466574 -0.0141658 
0.035341 0.000780094 0.925042 -0.0721107 -0.0503121 0.052079 0.0282894 0.0356799 -0.168436 0.00235451 0.177332 -0.0269166 
-0.0014322 0.0329715 -0.0527443 0.905457 0.0490151 -0.0502952 0.000771302 0.015367 0.000572778 -0.0976137 0.00168489 0.136525 
-3.27864e-18 1.81784e-18 1 -2.85116e-17 -2.89065e-17 1.34705e-18 1.17616e-15 4.06296e-17 -1.10118e-16 -1.23796e-16 -1.20921e-16 1.01488e-16 
-4.54348e-18 1.64392e-17 -1.70897e-17 1 2.55411e-16 -2.79469e-15 -1.22786e-17 1.07913e-15 1.41488e-17 -6.88685e-16 -1.26581e-17 6.34041e-16 
-3.41182e-17 1.40502e-19 2.01824e-15 -1.94568e-17 1 -4.00489e-17 8.37314e-16 5.48767e-17 -5.81611e-16 -7.65311e-17 -9.03276e-18 6.47946e-17 
-9.06177e-18 2.5167e-17 1.51002e-16 -8.33372e-16 3.92075e-17 1 7.22079e-17 3.74212e-16 -5.19604e-17 -4.90059e-17 -3.25261e-18 3.00975e-16 
-2.13223e-17 1.15514e-19 1.61473e-15 -1.70698e-18 -4.94328e-17 -1.06927e-16 1 8.76662e-17 -1.05918e-15 -5.43456e-17 4.5235e-16 4.1281e-17 
-7.59153e-18 1.52703e-17 1.21105e-16 -4.65794e-16 9.08019e-18 -1.66395e-15 1.03202e-16 1 -5.55654e-17 5.07407e-17 -4.77049e-18 2.69316e-16 
-2.85758e-17 3.40931e-20 1.73451e-15 -3.78255e-17 -4.28079e-16 -6.75341e-17 1.235e-15 6.76813e-17 1 -8.36462e-17 -8.51099e-17 8.94331e-17 
-5.87693e-18 1.72117e-17 7.75611e-17 -5.97233e-16 2.05727e-17 -1.29726e-15 9.26451e-17 1.28912e-16 -5.87909e-17 1 -2.73761e-18 3.50848e-16 

12	-0.454669 0.254385 0.0841106 -0.0384741 1.66533e-15 2.77556e-17 1.33227e-15 8.32667e-17 1.33227e-15 2.77556e-17 9.99201e-16 8.32667e-17 
12 12	24.0249 1.79798 -11.0561 -0.595 2.22045e-14 -3.19744e-14 3.19744e-14 -3.55271e-14 2.84217e-14 -2.84217e-14 2.13163e-14 -2.13163e-14 
1.79798 28.052 -0.888382 -12.2393 -3.90799e-14 -5.41789e-14 -3.55271e-14 -5.32907e-14 -3.37508e-14 -4.26326e-14 -2.84217e-14 -2.13163e-14 
-11.0561 -0.888382 16.3678 2.02347 -1.7053e-13 -1.06581e-14 -1.7053e-13 -9.32587e-15 -1.49214e-13 -7.54952e-15 -1.35003e-13 -4.88498e-15 
-0.595 -12.2393 2.02347 17.6606 -1.06581e-14 1.27898e-13 -8.88178e-15 1.42109e-13 -7.10543e-15 1.20792e-13 -4.44089e-15 9.9476e-14 
2.22045e-14 -3.90799e-14 -1.7053e-13 -1.06581e-14 0.001 -1.06581e-14 -1.84741e-13 -8.43769e-15 -1.7053e-13 -7.10543e-15 -1.49214e-13 -4.21885e-15 
-3.19744e-14 -5.41789e-14 -1.06581e-14 1.27898e-13 -1.06581e-14 0.001 -9.76996e-15 1.56319e-13 -7.99361e-15 1.27898e-13 -5.32907e-15 1.06581e-13 
3.19744e-14 -3.55271e-14 -1.7053e-13 -8.88178e-15 -1.84741e-13 -9.76996e-15 0.001 -6.21725e-15 -1.56319e-13 -4.88498e-15 -1.27898e-13 -3.10862e-15 
-3.55271e-14 -5.32907e-14 -9.32587e-15 1.42109e-13 -8.43769e-15 1.56319e-13 -6.21725e-15 0.001 -4.44089e-15 1.42109e-13 -2.66454e-15 1.06581e-13 
2.84217e-14 -3.37508e-14 -1.49214e-13 -7.10543e-15 -1.7053e-13 -7.99361e-15 -1.56319e-13 -4.44089e-15 0.001 -3.55271e-15 -1.13687e-13 -1.77636e-15 
-2.84217e-14 -4.26326e-14 -7.54952e-15 1.20792e-13 -7.10543e-15 1.27898e-13 -4.88498e-15 1.42109e-13 -3.55271e-15 0.001 -2.66454e-15 8.52651e-14 
2.13163e-14 -2.84217e-14 -1.35003e-13 -4.44089e-15 -1.49214e-13 -5.32907e-15 -1.27898e-13 -2.66454e-15 -1.13687e-13 -2.66454e-15 0.001 -8.88178e-16 
-2.13163e-14 -2.13163e-14 -4.88498e-15 9.9476e-14 -4.21885e-15 1.06581e-13 -3.10862e-15 1.06581e-13 -1.77636e-15 8.52651e-14 -8.88178e-16 0.001 


